# Columns are as follows:
# 1: Frequency [Hz]
# 2: Real part of the volume displacement divided by the amplitude of pressure [m^3/Pa]
# 3: Imaginary part of the same
# 4: Real part of the impedance [Pa.s/m^3]
# 5: Imaginary part of the same
# 6: Absolute value of maximal displacement divided by amplitude of pressure [m/Pa]
# 5: File name for graphical output of the displacement visualization.
100 2.43502e-10 -8.5735e-12 229845 -6.52799e+06 3.52566e-06 "visualization/solution-100.vtu"
133 2.45055e-10 -8.68335e-12 172817 -4.87709e+06 3.54987e-06 "visualization/solution-133.vtu"
166 2.47077e-10 -8.82752e-12 138463 -3.87548e+06 3.58141e-06 "visualization/solution-166.vtu"
199 2.49592e-10 -9.00855e-12 115503 -3.20015e+06 3.62065e-06 "visualization/solution-199.vtu"
232 2.52631e-10 -9.22978e-12 99076.3 -2.71185e+06 3.66807e-06 "visualization/solution-232.vtu"
265 2.56231e-10 -9.4954e-12 86741.7 -2.3407e+06 3.72424e-06 "visualization/solution-265.vtu"
298 2.60438e-10 -9.81075e-12 77140.2 -2.04778e+06 3.7899e-06 "visualization/solution-298.vtu"
331 2.65309e-10 -1.01825e-11 69454.8 -1.80968e+06 3.86594e-06 "visualization/solution-331.vtu"
364 2.70912e-10 -1.06189e-11 63164.6 -1.61147e+06 3.95344e-06 "visualization/solution-364.vtu"
397 2.77332e-10 -1.11305e-11 57922 -1.44321e+06 4.05373e-06 "visualization/solution-397.vtu"
430 2.84672e-10 -1.17305e-11 53486.2 -1.29799e+06 4.16842e-06 "visualization/solution-430.vtu"
463 2.93056e-10 -1.24357e-11 49685.1 -1.17087e+06 4.29949e-06 "visualization/solution-463.vtu"
496 3.02641e-10 -1.32677e-11 46392.3 -1.05822e+06 4.44938e-06 "visualization/solution-496.vtu"
529 3.13619e-10 -1.42546e-11 43513.1 -957340 4.62115e-06 "visualization/solution-529.vtu"
562 3.26233e-10 -1.54334e-11 40975 -866133 4.81862e-06 "visualization/solution-562.vtu"
595 3.40792e-10 -1.68536e-11 38721.8 -782984 5.04666e-06 "visualization/solution-595.vtu"
628 3.57693e-10 -1.85824e-11 36708.9 -706609 5.31155e-06 "visualization/solution-628.vtu"
661 3.77456e-10 -2.07135e-11 34900.7 -635985 5.62151e-06 "visualization/solution-661.vtu"
694 4.00772e-10 -2.338e-11 33268.6 -570279 5.98752e-06 "visualization/solution-694.vtu"
727 4.28586e-10 -2.67768e-11 31789 -508811 6.42454e-06 "visualization/solution-727.vtu"
760 4.62212e-10 -3.11983e-11 30442.6 -451016 6.9535e-06 "visualization/solution-760.vtu"
793 5.03542e-10 -3.7107e-11 29213.2 -396423 7.6046e-06 "visualization/solution-793.vtu"
826 5.55395e-10 -4.52638e-11 28087.4 -344638 8.42299e-06 "visualization/solution-826.vtu"
859 6.22158e-10 -5.69942e-11 27053.8 -295323 9.47933e-06 "visualization/solution-859.vtu"
892 7.11035e-10 -7.47806e-11 26102.7 -248192 1.08907e-05 "visualization/solution-892.vtu"
925 8.34707e-10 -1.03727e-10 25225.9 -202997 1.28655e-05 "visualization/solution-925.vtu"
958 1.01758e-09 -1.55748e-10 24416.4 -159525 1.58135e-05 "visualization/solution-958.vtu"
991 1.31259e-09 -2.64195e-10 23668.1 -117590 2.06601e-05 "visualization/solution-991.vtu"
1024 1.85291e-09 -5.52681e-10 22975.8 -77028.3 2.99758e-05 "visualization/solution-1024.vtu"
1057 2.95643e-09 -1.75164e-09 22335.1 -37697.3 5.35334e-05 "visualization/solution-1057.vtu"
1090 -1.63774e-10 -6.71178e-09 21741.9 530.526 0.000105121 "visualization/solution-1090.vtu"
1123 -2.85385e-09 -1.6014e-09 21193 37768 5.15091e-05 "visualization/solution-1123.vtu"
1156 -1.72334e-09 -4.80975e-10 20685.4 74116.4 2.8317e-05 "visualization/solution-1156.vtu"
1189 -1.18046e-09 -2.17614e-10 20216.7 109666 1.91058e-05 "visualization/solution-1189.vtu"
1222 -8.84737e-10 -1.21136e-10 19784.6 144500 1.42977e-05 "visualization/solution-1222.vtu"
1255 -7.01435e-10 -7.61021e-11 19387.2 178693 1.13661e-05 "visualization/solution-1255.vtu"
1288 -5.77376e-10 -5.17329e-11 19023.1 212311 9.39803e-06 "visualization/solution-1288.vtu"
1321 -4.88088e-10 -3.71724e-11 18690.9 245419 7.98838e-06 "visualization/solution-1321.vtu"
1354 -4.2087e-10 -2.7833e-11 18389.5 278073 6.93056e-06 "visualization/solution-1354.vtu"
1387 -3.68508e-10 -2.15149e-11 18118.1 310327 6.10851e-06 "visualization/solution-1387.vtu"
1420 -3.2661e-10 -1.70601e-11 17876 342231 5.45205e-06 "visualization/solution-1420.vtu"
1453 -2.92355e-10 -1.38131e-11 17662.7 373831 4.91628e-06 "visualization/solution-1453.vtu"
1486 -2.63848e-10 -1.13817e-11 17478 405172 4.47118e-06 "visualization/solution-1486.vtu"
1519 -2.39771e-10 -9.51933e-12 17321.7 436296 4.09588e-06 "visualization/solution-1519.vtu"
1552 -2.19178e-10 -8.06552e-12 17194 467243 3.77547e-06 "visualization/solution-1552.vtu"
1585 -2.01375e-10 -6.912e-12 17095.2 498052 3.49899e-06 "visualization/solution-1585.vtu"
1618 -1.85838e-10 -5.9838e-12 17025.6 528759 3.2582e-06 "visualization/solution-1618.vtu"
1651 -1.72167e-10 -5.22773e-12 16985.9 559402 3.04681e-06 "visualization/solution-1651.vtu"
1684 -1.6005e-10 -4.60522e-12 16977 590016 2.85992e-06 "visualization/solution-1684.vtu"
1717 -1.4924e-10 -4.08783e-12 16999.9 620638 2.69365e-06 "visualization/solution-1717.vtu"
1750 -1.39541e-10 -3.65421e-12 17055.9 651302 2.54491e-06 "visualization/solution-1750.vtu"
1783 -1.30792e-10 -3.2881e-12 17146.5 682045 2.41119e-06 "visualization/solution-1783.vtu"
1816 -1.22863e-10 -2.97696e-12 17273.6 712901 2.29045e-06 "visualization/solution-1816.vtu"
1849 -1.15644e-10 -2.711e-12 17439.1 743909 2.18099e-06 "visualization/solution-1849.vtu"
1882 -1.09047e-10 -2.48249e-12 17645.5 775106 2.0814e-06 "visualization/solution-1882.vtu"
1915 -1.02995e-10 -2.2853e-12 17895.6 806530 1.99049e-06 "visualization/solution-1915.vtu"
1948 -9.74243e-11 -2.11446e-12 18192.4 838223 1.90728e-06 "visualization/solution-1948.vtu"
1981 -9.22798e-11 -1.96597e-12 18539.7 870226 1.8309e-06 "visualization/solution-1981.vtu"
2014 -8.75149e-11 -1.83656e-12 18941.4 902584 1.76064e-06 "visualization/solution-2014.vtu"
2047 -8.30891e-11 -1.72355e-12 19402.3 935344 1.69585e-06 "visualization/solution-2047.vtu"
2080 -7.89674e-11 -1.62472e-12 19927.6 968557 1.63602e-06 "visualization/solution-2080.vtu"
2113 -7.51192e-11 -1.53822e-12 20523.6 1.00228e+06 1.58066e-06 "visualization/solution-2113.vtu"
2146 -7.15179e-11 -1.46251e-12 21197.2 1.03656e+06 1.52936e-06 "visualization/solution-2146.vtu"
2179 -6.81398e-11 -1.3963e-12 21956.2 1.07147e+06 1.48177e-06 "visualization/solution-2179.vtu"
2212 -6.49642e-11 -1.33851e-12 22810 1.10707e+06 1.43757e-06 "visualization/solution-2212.vtu"
2245 -6.19727e-11 -1.28823e-12 23768.9 1.14345e+06 1.39649e-06 "visualization/solution-2245.vtu"
2278 -5.91488e-11 -1.24468e-12 24845.1 1.18067e+06 1.35828e-06 "visualization/solution-2278.vtu"
2311 -5.64778e-11 -1.20722e-12 26052.7 1.21883e+06 1.32272e-06 "visualization/solution-2311.vtu"
2344 -5.39466e-11 -1.17529e-12 27407.7 1.25803e+06 1.28962e-06 "visualization/solution-2344.vtu"
2377 -5.15433e-11 -1.14844e-12 28929.2 1.29838e+06 1.25882e-06 "visualization/solution-2377.vtu"
2410 -4.92571e-11 -1.12627e-12 30639.3 1.34001e+06 1.23016e-06 "visualization/solution-2410.vtu"
2443 -4.70784e-11 -1.10847e-12 32563.8 1.38304e+06 1.20351e-06 "visualization/solution-2443.vtu"
2476 -4.49981e-11 -1.09477e-12 34733.4 1.42764e+06 1.17875e-06 "visualization/solution-2476.vtu"
2509 -4.30082e-11 -1.08497e-12 37184.1 1.47398e+06 1.15577e-06 "visualization/solution-2509.vtu"
2542 -4.11013e-11 -1.0789e-12 39959.3 1.52226e+06 1.13449e-06 "visualization/solution-2542.vtu"
2575 -3.92704e-11 -1.07645e-12 43110.3 1.57272e+06 1.11482e-06 "visualization/solution-2575.vtu"
2608 -3.75092e-11 -1.07754e-12 46699.6 1.62561e+06 1.09669e-06 "visualization/solution-2608.vtu"
2641 -3.58116e-11 -1.08212e-12 50802.4 1.68125e+06 1.08004e-06 "visualization/solution-2641.vtu"
2674 -3.41723e-11 -1.09021e-12 55511 1.73998e+06 1.06482e-06 "visualization/solution-2674.vtu"
2707 -3.25858e-11 -1.10183e-12 60938.8 1.80222e+06 1.05099e-06 "visualization/solution-2707.vtu"
2740 -3.10474e-11 -1.11708e-12 67226.7 1.86846e+06 1.0385e-06 "visualization/solution-2740.vtu"
2773 -2.95521e-11 -1.13606e-12 74550.9 1.93928e+06 1.02734e-06 "visualization/solution-2773.vtu"
2806 -2.80956e-11 -1.15895e-12 83134.7 2.01538e+06 1.01748e-06 "visualization/solution-2806.vtu"
2839 -2.66733e-11 -1.18596e-12 93263.6 2.09759e+06 1.00891e-06 "visualization/solution-2839.vtu"
2872 -2.5281e-11 -1.21735e-12 105307 2.18693e+06 1.00164e-06 "visualization/solution-2872.vtu"
2905 -2.39145e-11 -1.25347e-12 119749 2.28466e+06 9.95665e-07 "visualization/solution-2905.vtu"
2938 -2.25695e-11 -1.29469e-12 137235 2.39232e+06 9.91001e-07 "visualization/solution-2938.vtu"
2971 -2.12417e-11 -1.34152e-12 158638 2.51188e+06 9.87676e-07 "visualization/solution-2971.vtu"
3004 -1.99268e-11 -1.39451e-12 185158 2.64582e+06 9.85723e-07 "visualization/solution-3004.vtu"
3037 -1.86204e-11 -1.45435e-12 218487 2.79734e+06 9.8519e-07 "visualization/solution-3037.vtu"
3070 -1.73177e-11 -1.52187e-12 261057 2.97064e+06 9.86138e-07 "visualization/solution-3070.vtu"
3103 -1.60139e-11 -1.59803e-12 316467 3.17131e+06 9.88642e-07 "visualization/solution-3103.vtu"
3136 -1.47035e-11 -1.68403e-12 390202 3.40692e+06 9.92794e-07 "visualization/solution-3136.vtu"
3169 -1.3381e-11 -1.78126e-12 490932 3.68792e+06 9.98706e-07 "visualization/solution-3169.vtu"
3202 -1.20399e-11 -1.89145e-12 632937 4.02891e+06 1.00652e-06 "visualization/solution-3202.vtu"
3235 -1.06733e-11 -2.01669e-12 840922 4.45056e+06 1.01638e-06 "visualization/solution-3235.vtu"
3268 -9.2732e-12 -2.15953e-12 1.16012e+06 4.98164e+06 1.02851e-06 "visualization/solution-3267.vtu"
3301 -7.8307e-12 -2.32313e-12 1.67885e+06 5.659e+06 1.04313e-06 "visualization/solution-3300.vtu"
3334 -6.3354e-12 -2.51144e-12 2.58132e+06 6.51168e+06 1.06053e-06 "visualization/solution-3333.vtu"
3367 -4.77518e-12 -2.72941e-12 4.26473e+06 7.46127e+06 1.08107e-06 "visualization/solution-3366.vtu"
3400 -3.13575e-12 -2.98332e-12 7.45471e+06 7.8356e+06 1.10516e-06 "visualization/solution-3399.vtu"
3433 -1.40004e-12 -3.28127e-12 1.19527e+07 5.09994e+06 1.13335e-06 "visualization/solution-3432.vtu"
3466 4.52592e-13 -3.63379e-12 1.24436e+07 -1.54986e+06 1.16627e-06 "visualization/solution-3465.vtu"
3499 2.44739e-12 -4.05479e-12 8.22233e+06 -4.96284e+06 1.20475e-06 "visualization/solution-3498.vtu"
3532 4.61564e-12 -4.56293e-12 4.881e+06 -4.93739e+06 1.24984e-06 "visualization/solution-3531.vtu"
3565 6.99659e-12 -5.18371e-12 3.0521e+06 -4.11951e+06 1.30287e-06 "visualization/solution-3564.vtu"
3598 9.64014e-12 -5.95267e-12 2.05125e+06 -3.32193e+06 1.36557e-06 "visualization/solution-3597.vtu"
3631 1.26106e-11 -6.92048e-12 1.46598e+06 -2.67133e+06 1.44026e-06 "visualization/solution-3630.vtu"
3664 1.59918e-11 -8.16126e-12 1.09978e+06 -2.15498e+06 1.53006e-06 "visualization/solution-3663.vtu"
3697 1.98945e-11 -9.78665e-12 857075 -1.74228e+06 1.63925e-06 "visualization/solution-3696.vtu"
3730 2.44662e-11 -1.19705e-11 688470 -1.40714e+06 1.77392e-06 "visualization/solution-3729.vtu"
3763 2.99027e-11 -1.49944e-11 566739 -1.13022e+06 1.94286e-06 "visualization/solution-3762.vtu"
3796 3.64572e-11 -1.9334e-11 476012 -897594 2.1592e-06 "visualization/solution-3795.vtu"
3829 4.44257e-11 -2.58328e-11 406576 -699205 2.44306e-06 "visualization/solution-3828.vtu"
3862 5.4024e-11 -3.60589e-11 352231 -527718 2.82573e-06 "visualization/solution-3861.vtu"
3895 6.4829e-11 -5.30176e-11 308878 -377691 3.35488e-06 "visualization/solution-3894.vtu"
3928 7.35619e-11 -8.21781e-11 273720 -245022 4.0903e-06 "visualization/solution-3927.vtu"
3961 6.69636e-11 -1.29515e-10 244798 -126568 5.02946e-06 "visualization/solution-3960.vtu"
3994 1.61417e-11 -1.79097e-10 220704 -19891.7 5.79378e-06 "visualization/solution-3993.vtu"
4027 -6.59762e-11 -1.7188e-10 200411 76928 5.56117e-06 "visualization/solution-4026.vtu"
4060 -1.06466e-10 -1.17876e-10 183150 165421 4.51319e-06 "visualization/solution-4059.vtu"
4093 -1.07525e-10 -7.33347e-11 168339 246822 3.48921e-06 "visualization/solution-4092.vtu"
4126 -9.71074e-11 -4.68843e-11 155530 322136 2.73511e-06 "visualization/solution-4126.vtu"
4159 -8.59298e-11 -3.16328e-11 144374 392188 2.20297e-06 "visualization/solution-4159.vtu"
4192 -7.63529e-11 -2.24547e-11 134595 457665 1.8204e-06 "visualization/solution-4192.vtu"
4225 -6.85268e-11 -1.66287e-11 125974 519140 1.53677e-06 "visualization/solution-4225.vtu"
4258 -6.21555e-11 -1.2745e-11 118334 577096 1.32014e-06 "visualization/solution-4258.vtu"
4291 -5.69197e-11 -1.00456e-11 111530 631944 1.15029e-06 "visualization/solution-4291.vtu"
4324 -5.25604e-11 -8.10227e-12 105445 684033 1.01415e-06 "visualization/solution-4324.vtu"
4357 -4.88814e-11 -6.66135e-12 99980.5 733664 9.02957e-07 "visualization/solution-4357.vtu"
4390 -4.57367e-11 -5.56595e-12 95056.1 781098 8.10692e-07 "visualization/solution-4390.vtu"
4423 -4.30171e-11 -4.71532e-12 90603.5 826561 7.33091e-07 "visualization/solution-4423.vtu"
4456 -4.06401e-11 -4.04256e-12 86565.6 870250 6.67063e-07 "visualization/solution-4456.vtu"
4489 -3.85429e-11 -3.50196e-12 82893.8 912337 6.10315e-07 "visualization/solution-4489.vtu"
4522 -3.66769e-11 -3.06149e-12 79546.8 952976 5.61114e-07 "visualization/solution-4522.vtu"
4555 -3.50038e-11 -2.69818e-12 76489.2 992302 5.18128e-07 "visualization/solution-4555.vtu"
4588 -3.34935e-11 -2.39526e-12 73690.6 1.03043e+06 4.80318e-07 "visualization/solution-4588.vtu"
4621 -3.21218e-11 -2.14024e-12 71124.8 1.06748e+06 4.46861e-07 "visualization/solution-4621.vtu"
4654 -3.08691e-11 -1.92367e-12 68769.1 1.10354e+06 4.17098e-07 "visualization/solution-4654.vtu"
4687 -2.97192e-11 -1.73832e-12 66603.8 1.13869e+06 3.98008e-07 "visualization/solution-4687.vtu"
4720 -2.86588e-11 -1.57858e-12 64611.6 1.17302e+06 3.81306e-07 "visualization/solution-4720.vtu"
4753 -2.7677e-11 -1.44001e-12 62777.6 1.20659e+06 3.65989e-07 "visualization/solution-4753.vtu"
4786 -2.67645e-11 -1.31912e-12 61088.6 1.23947e+06 3.51874e-07 "visualization/solution-4786.vtu"
4819 -2.59133e-11 -1.21308e-12 59533.1 1.27172e+06 3.38892e-07 "visualization/solution-4819.vtu"
4852 -2.51168e-11 -1.11963e-12 58101 1.30339e+06 3.26898e-07 "visualization/solution-4852.vtu"
4885 -2.43693e-11 -1.0369e-12 56783.5 1.33453e+06 3.1584e-07 "visualization/solution-4885.vtu"
4918 -2.36658e-11 -9.63368e-13 55572.7 1.36518e+06 3.05523e-07 "visualization/solution-4918.vtu"
4951 -2.30021e-11 -8.97764e-13 54462 1.3954e+06 2.95861e-07 "visualization/solution-4951.vtu"
4984 -2.23744e-11 -8.39038e-13 53445.4 1.42521e+06 2.86825e-07 "visualization/solution-4984.vtu"
5017 -2.17795e-11 -7.86305e-13 52517.7 1.45466e+06 2.78372e-07 "visualization/solution-5017.vtu"
5050 -2.12145e-11 -7.38821e-13 51674.6 1.48378e+06 2.70469e-07 "visualization/solution-5050.vtu"
5083 -2.06768e-11 -6.95955e-13 50912.3 1.5126e+06 2.62995e-07 "visualization/solution-5083.vtu"
5116 -2.01642e-11 -6.57169e-13 50227.6 1.54116e+06 2.55946e-07 "visualization/solution-5116.vtu"
5149 -1.96748e-11 -6.22005e-13 49618 1.56947e+06 2.493e-07 "visualization/solution-5149.vtu"
5182 -1.92066e-11 -5.9007e-13 49081.4 1.59758e+06 2.42978e-07 "visualization/solution-5182.vtu"
5215 -1.87581e-11 -5.61024e-13 48616.3 1.62551e+06 2.37014e-07 "visualization/solution-5215.vtu"
5248 -1.83279e-11 -5.34575e-13 48221.7 1.65328e+06 2.31356e-07 "visualization/solution-5248.vtu"
5281 -1.79145e-11 -5.10469e-13 47897.1 1.68092e+06 2.25991e-07 "visualization/solution-5281.vtu"
5314 -1.75169e-11 -4.88487e-13 47642.8 1.70845e+06 2.20853e-07 "visualization/solution-5314.vtu"
5347 -1.7134e-11 -4.68438e-13 47459.2 1.73591e+06 2.15933e-07 "visualization/solution-5347.vtu"
5380 -1.67647e-11 -4.50158e-13 47347.5 1.76331e+06 2.11285e-07 "visualization/solution-5380.vtu"
5413 -1.64082e-11 -4.33503e-13 47309.7 1.79068e+06 2.06817e-07 "visualization/solution-5413.vtu"
5446 -1.60636e-11 -4.18349e-13 47348.2 1.81805e+06 2.02592e-07 "visualization/solution-5446.vtu"
5479 -1.57301e-11 -4.04591e-13 47466.4 1.84545e+06 1.98517e-07 "visualization/solution-5479.vtu"
5512 -1.5407e-11 -3.92136e-13 47668.4 1.87289e+06 1.94581e-07 "visualization/solution-5512.vtu"
5545 -1.50937e-11 -3.80909e-13 47959.4 1.90041e+06 1.90829e-07 "visualization/solution-5545.vtu"
5578 -1.47895e-11 -3.70846e-13 48345.6 1.92804e+06 1.87216e-07 "visualization/solution-5578.vtu"
5611 -1.44938e-11 -3.61897e-13 48834.6 1.95581e+06 1.83759e-07 "visualization/solution-5611.vtu"
5644 -1.42062e-11 -3.54023e-13 49435.6 1.98375e+06 1.80409e-07 "visualization/solution-5644.vtu"
5677 -1.3926e-11 -3.47196e-13 50159.6 2.0119e+06 1.77187e-07 "visualization/solution-5677.vtu"
5710 -1.36528e-11 -3.41403e-13 51019.8 2.04029e+06 1.74069e-07 "visualization/solution-5710.vtu"
5743 -1.3386e-11 -3.36642e-13 52032.3 2.06898e+06 1.71065e-07 "visualization/solution-5743.vtu"
5776 -1.31252e-11 -3.32924e-13 53216.3 2.098e+06 1.68155e-07 "visualization/solution-5776.vtu"
5809 -1.287e-11 -3.30278e-13 54595.1 2.12742e+06 1.65362e-07 "visualization/solution-5809.vtu"
5842 -1.26199e-11 -3.28748e-13 56197.1 2.15728e+06 1.62632e-07 "visualization/solution-5842.vtu"
5875 -1.23744e-11 -3.28398e-13 58057.2 2.18767e+06 1.5999e-07 "visualization/solution-5875.vtu"
5908 -1.21331e-11 -3.29318e-13 60218.3 2.21864e+06 1.5744e-07 "visualization/solution-5908.vtu"
5941 -1.18955e-11 -3.31624e-13 62733.6 2.25029e+06 1.54945e-07 "visualization/solution-5941.vtu"
5974 -1.16612e-11 -3.35471e-13 65669.9 2.28273e+06 1.52541e-07 "visualization/solution-5974.vtu"
6007 -1.14295e-11 -3.41057e-13 69111.3 2.31606e+06 1.51903e-07 "visualization/solution-6007.vtu"
6040 -1.12e-11 -3.48639e-13 73165.4 2.35042e+06 1.53265e-07 "visualization/solution-6040.vtu"
6073 -1.0972e-11 -3.58549e-13 77970.8 2.38599e+06 1.54966e-07 "visualization/solution-6073.vtu"
6106 -1.07449e-11 -3.71218e-13 83708.5 2.42294e+06 1.57047e-07 "visualization/solution-6106.vtu"
6139 -1.0518e-11 -3.87209e-13 90618 2.46151e+06 1.59564e-07 "visualization/solution-6139.vtu"
6172 -1.02904e-11 -4.07264e-13 99020.6 2.50197e+06 1.6261e-07 "visualization/solution-6172.vtu"
6205 -1.00612e-11 -4.32373e-13 109354 2.54464e+06 1.66281e-07 "visualization/solution-6205.vtu"
6238 -9.82933e-12 -4.63877e-13 122226 2.58991e+06 1.70665e-07 "visualization/solution-6238.vtu"
6271 -9.59353e-12 -5.03608e-13 138492 2.63821e+06 1.75901e-07 "visualization/solution-6271.vtu"
6304 -9.35244e-12 -5.5412e-13 159381 2.69003e+06 1.82166e-07 "visualization/solution-6304.vtu"
6337 -9.10455e-12 -6.19032e-13 186693 2.74584e+06 1.89688e-07 "visualization/solution-6337.vtu"
6370 -8.8484e-12 -7.03555e-13 223107 2.80594e+06 1.98831e-07 "visualization/solution-6370.vtu"
6403 -8.5829e-12 -8.1532e-13 272644 2.87013e+06 2.09954e-07 "visualization/solution-6403.vtu"
6436 -8.30829e-12 -9.65638e-13 341325 2.93674e+06 2.2354e-07 "visualization/solution-6436.vtu"
6469 -8.02823e-12 -1.1713e-12 437789 3.00065e+06 2.40206e-07 "visualization/solution-6469.vtu"
6502 -7.75461e-12 -1.45663e-12 572722 3.04897e+06 2.60665e-07 "visualization/solution-6502.vtu"
6535 -7.51795e-12 -1.85377e-12 753005 3.0538e+06 2.85294e-07 "visualization/solution-6535.vtu"
6568 -7.38674e-12 -2.39309e-12 961821 2.96885e+06 3.13619e-07 "visualization/solution-6568.vtu"
6601 -7.48902e-12 -3.06195e-12 1.12778e+06 2.75837e+06 3.42255e-07 "visualization/solution-6601.vtu"
6634 -7.9798e-12 -3.71054e-12 1.14944e+06 2.47196e+06 3.62559e-07 "visualization/solution-6634.vtu"
6667 -8.84725e-12 -4.0103e-12 1.0146e+06 2.23834e+06 3.70989e-07 "visualization/solution-6667.vtu"
6700 -9.73497e-12 -3.73773e-12 816512 2.12662e+06 3.75378e-07 "visualization/solution-6700.vtu"
6733 -1.02626e-11 -3.08659e-12 635288 2.11226e+06 3.56343e-07 "visualization/solution-6733.vtu"
6766 -1.03913e-11 -2.39712e-12 495814 2.14931e+06 3.2704e-07 "visualization/solution-6766.vtu"
6799 -1.02761e-11 -1.83729e-12 394666 2.2074e+06 2.97143e-07 "visualization/solution-6799.vtu"
6832 -1.0053e-11 -1.42567e-12 322149 2.27159e+06 2.70786e-07 "visualization/solution-6832.vtu"
6865 -9.79562e-12 -1.13133e-12 269744 2.33557e+06 2.48716e-07 "visualization/solution-6865.vtu"
6898 -9.53688e-12 -9.20317e-13 231311 2.39698e+06 2.30704e-07 "visualization/solution-6898.vtu"
6931 -9.28931e-12 -7.66821e-13 202676 2.45523e+06 2.15998e-07 "visualization/solution-6931.vtu"
6964 -9.05667e-12 -6.53095e-13 181029 2.51038e+06 2.0386e-07 "visualization/solution-6964.vtu"
6997 -8.8391e-12 -5.67251e-13 164469 2.5628e+06 1.93759e-07 "visualization/solution-6997.vtu"
7030 -8.63538e-12 -5.01317e-13 151688 2.61289e+06 1.85394e-07 "visualization/solution-7030.vtu"
7063 -8.44396e-12 -4.49881e-13 141777 2.66105e+06 1.78353e-07 "visualization/solution-7063.vtu"
7096 -8.26326e-12 -4.09209e-13 134087 2.70764e+06 1.72338e-07 "visualization/solution-7096.vtu"
7129 -8.09186e-12 -3.76677e-13 128151 2.75298e+06 1.67249e-07 "visualization/solution-7129.vtu"
7162 -7.92854e-12 -3.50408e-13 123630 2.79734e+06 1.62852e-07 "visualization/solution-7162.vtu"
7195 -7.77226e-12 -3.29038e-13 120272 2.84096e+06 1.59032e-07 "visualization/solution-7195.vtu"
7228 -7.62211e-12 -3.1156e-13 117888 2.88404e+06 1.55753e-07 "visualization/solution-7228.vtu"
7261 -7.47735e-12 -2.97219e-13 116337 2.92678e+06 1.52865e-07 "visualization/solution-7261.vtu"
7294 -7.33734e-12 -2.85442e-13 115515 2.96933e+06 1.50333e-07 "visualization/solution-7294.vtu"
7327 -7.20152e-12 -2.75789e-13 115342 3.01185e+06 1.48107e-07 "visualization/solution-7327.vtu"
7360 -7.06942e-12 -2.6792e-13 115759 3.05446e+06 1.46133e-07 "visualization/solution-7360.vtu"
7393 -6.94064e-12 -2.61568e-13 116726 3.0973e+06 1.44447e-07 "visualization/solution-7393.vtu"
7426 -6.81482e-12 -2.56524e-13 118214 3.14048e+06 1.42899e-07 "visualization/solution-7426.vtu"
7459 -6.69163e-12 -2.52622e-13 120206 3.18412e+06 1.41603e-07 "visualization/solution-7459.vtu"
7492 -6.57081e-12 -2.4973e-13 122695 3.22832e+06 1.40435e-07 "visualization/solution-7492.vtu"
7525 -6.45208e-12 -2.47744e-13 125683 3.27321e+06 1.39422e-07 "visualization/solution-7525.vtu"
7558 -6.33524e-12 -2.46581e-13 129178 3.31889e+06 1.38526e-07 "visualization/solution-7558.vtu"
7591 -6.22006e-12 -2.46177e-13 133199 3.36548e+06 1.37805e-07 "visualization/solution-7591.vtu"
7624 -6.10635e-12 -2.46481e-13 137768 3.4131e+06 1.37165e-07 "visualization/solution-7624.vtu"
7657 -5.99394e-12 -2.47455e-13 142920 3.46186e+06 1.36604e-07 "visualization/solution-7657.vtu"
7690 -5.88264e-12 -2.49071e-13 148694 3.51191e+06 1.36227e-07 "visualization/solution-7690.vtu"
7723 -5.7723e-12 -2.51312e-13 155141 3.56338e+06 1.35942e-07 "visualization/solution-7723.vtu"
7756 -5.66277e-12 -2.54167e-13 162319 3.61642e+06 1.35728e-07 "visualization/solution-7756.vtu"
7789 -5.55389e-12 -2.57633e-13 170299 3.6712e+06 1.35585e-07 "visualization/solution-7789.vtu"
7822 -5.4455e-12 -2.61715e-13 179165 3.72788e+06 1.35591e-07 "visualization/solution-7822.vtu"
7855 -5.33747e-12 -2.66422e-13 189013 3.78667e+06 1.35678e-07 "visualization/solution-7855.vtu"
7888 -5.22965e-12 -2.71773e-13 199960 3.84777e+06 1.35836e-07 "visualization/solution-7888.vtu"
7921 -5.12189e-12 -2.7779e-13 212139 3.91142e+06 1.36107e-07 "visualization/solution-7921.vtu"
7954 -5.01403e-12 -2.84505e-13 225712 3.97788e+06 1.36458e-07 "visualization/solution-7954.vtu"
7987 -4.90593e-12 -2.91954e-13 240865 4.04744e+06 1.36888e-07 "visualization/solution-7987.vtu"
8020 -4.79741e-12 -3.00181e-13 257821 4.12042e+06 1.37441e-07 "visualization/solution-8020.vtu"
8053 -4.68833e-12 -3.09241e-13 276846 4.1972e+06 1.38116e-07 "visualization/solution-8053.vtu"
8086 -4.57849e-12 -3.19194e-13 298257 4.27817e+06 1.38879e-07 "visualization/solution-8086.vtu"
8119 -4.46772e-12 -3.30113e-13 322436 4.36382e+06 1.39735e-07 "visualization/solution-8119.vtu"
8152 -4.35583e-12 -3.4208e-13 349842 4.45466e+06 1.4069e-07 "visualization/solution-8152.vtu"
8185 -4.2426e-12 -3.5519e-13 381036 4.55131e+06 1.41749e-07 "visualization/solution-8185.vtu"
8218 -4.1278e-12 -3.69554e-13 416704 4.65445e+06 1.43002e-07 "visualization/solution-8218.vtu"
8251 -4.01121e-12 -3.853e-13 457691 4.76485e+06 1.44395e-07 "visualization/solution-8251.vtu"
8284 -3.89255e-12 -4.02572e-13 505050 4.88343e+06 1.45917e-07 "visualization/solution-8284.vtu"
8317 -3.77155e-12 -4.21542e-13 560096 5.0112e+06 1.47579e-07 "visualization/solution-8317.vtu"
8350 -3.64789e-12 -4.42404e-13 624496 5.14934e+06 1.49391e-07 "visualization/solution-8350.vtu"
8383 -3.52122e-12 -4.65388e-13 700372 5.29916e+06 1.51365e-07 "visualization/solution-8383.vtu"
8416 -3.39117e-12 -4.90758e-13 790461 5.46214e+06 1.53531e-07 "visualization/solution-8416.vtu"
8449 -3.25733e-12 -5.18826e-13 898323 5.63991e+06 1.55958e-07 "visualization/solution-8449.vtu"
8482 -3.11923e-12 -5.49958e-13 1.02864e+06 5.83418e+06 1.586e-07 "visualization/solution-8482.vtu"
8515 -2.97634e-12 -5.84583e-13 1.18762e+06 6.04663e+06 1.61478e-07 "visualization/solution-8515.vtu"
8548 -2.8281e-12 -6.23213e-13 1.38359e+06 6.27866e+06 1.64616e-07 "visualization/solution-8548.vtu"
8581 -2.67386e-12 -6.66458e-13 1.6278e+06 6.53082e+06 1.68054e-07 "visualization/solution-8581.vtu"
8614 -2.51288e-12 -7.15047e-13 1.9355e+06 6.80189e+06 1.71849e-07 "visualization/solution-8614.vtu"
8647 -2.34435e-12 -7.69861e-13 2.32726e+06 7.08689e+06 1.76003e-07 "visualization/solution-8647.vtu"
8680 -2.16734e-12 -8.31968e-13 2.83046e+06 7.37355e+06 1.80562e-07 "visualization/solution-8680.vtu"
8713 -1.9808e-12 -9.02675e-13 3.47979e+06 7.63593e+06 1.85574e-07 "visualization/solution-8713.vtu"
8746 -1.78357e-12 -9.83587e-13 4.31446e+06 7.82354e+06 1.911e-07 "visualization/solution-8746.vtu"
8779 -1.57431e-12 -1.0767e-12 5.36584e+06 7.84576e+06 1.97316e-07 "visualization/solution-8779.vtu"
8812 -1.35156e-12 -1.1845e-12 6.62388e+06 7.5581e+06 2.04209e-07 "visualization/solution-8812.vtu"
8845 -1.11366e-12 -1.31012e-12 7.97318e+06 6.77756e+06 2.11879e-07 "visualization/solution-8845.vtu"
8878 -8.58857e-13 -1.45757e-12 9.1294e+06 5.37939e+06 2.20445e-07 "visualization/solution-8878.vtu"
8911 -5.85256e-13 -1.63197e-12 9.69704e+06 3.47755e+06 2.30053e-07 "visualization/solution-8911.vtu"
8944 -2.90984e-13 -1.83994e-12 9.43531e+06 1.49218e+06 2.40876e-07 "visualization/solution-8944.vtu"
8977 2.56225e-14 -2.09015e-12 8.48097e+06 -103966 2.53124e-07 "visualization/solution-8977.vtu"
9010 3.65626e-13 -2.394e-12 7.21036e+06 -1.10121e+06 2.6705e-07 "visualization/solution-9010.vtu"
9043 7.28752e-13 -2.76658e-12 5.94881e+06 -1.56699e+06 2.83038e-07 "visualization/solution-9043.vtu"
9076 1.11205e-12 -3.22788e-12 4.85623e+06 -1.67304e+06 3.01515e-07 "visualization/solution-9076.vtu"
9109 1.50748e-12 -3.80429e-12 3.96949e+06 -1.57294e+06 3.22779e-07 "visualization/solution-9109.vtu"
9142 1.89765e-12 -4.53002e-12 3.26936e+06 -1.36955e+06 3.53103e-07 "visualization/solution-9142.vtu"
9175 2.24836e-12 -5.44738e-12 2.72087e+06 -1.12302e+06 3.91526e-07 "visualization/solution-9175.vtu"
9208 2.49668e-12 -6.60344e-12 2.29012e+06 -865864 4.35793e-07 "visualization/solution-9208.vtu"
9241 2.53384e-12 -8.03668e-12 1.94925e+06 -614568 4.85935e-07 "visualization/solution-9241.vtu"
9274 2.18917e-12 -9.74247e-12 1.67684e+06 -376792 5.40679e-07 "visualization/solution-9274.vtu"
9307 1.23885e-12 -1.16062e-11 1.4568e+06 -155499 5.96265e-07 "visualization/solution-9307.vtu"
9340 -5.08765e-13 -1.3323e-11 1.27714e+06 48770.1 6.45373e-07 "visualization/solution-9340.vtu"
9373 -3.02036e-12 -1.44077e-11 1.12893e+06 236663 6.77883e-07 "visualization/solution-9373.vtu"
9406 -5.87732e-12 -1.44357e-11 1.00546e+06 409362 6.85263e-07 "visualization/solution-9406.vtu"
9439 -8.43497e-12 -1.33845e-11 901668 568234 6.66278e-07 "visualization/solution-9439.vtu"
9472 -1.0239e-11 -1.16575e-11 813665 714660 6.27787e-07 "visualization/solution-9472.vtu"
9505 -1.12261e-11 -9.75368e-12 738467 849945 5.79685e-07 "visualization/solution-9505.vtu"
9538 -1.1582e-11 -8.00107e-12 673745 975283 5.29935e-07 "visualization/solution-9538.vtu"
9571 -1.15382e-11 -6.52788e-12 617669 1.09175e+06 4.83084e-07 "visualization/solution-9571.vtu"
9604 -1.12747e-11 -5.34276e-12 568784 1.20029e+06 4.41016e-07 "visualization/solution-9604.vtu"
9637 -1.09065e-11 -4.4064e-12 525926 1.30175e+06 4.0411e-07 "visualization/solution-9637.vtu"
9670 -1.05002e-11 -3.66943e-12 488157 1.39687e+06 3.72044e-07 "visualization/solution-9670.vtu"
9703 -1.00913e-11 -3.08727e-12 454710 1.48631e+06 3.4425e-07 "visualization/solution-9703.vtu"
9736 -9.69802e-12 -2.62395e-12 424959 1.57063e+06 3.20119e-07 "visualization/solution-9736.vtu"
9769 -9.32821e-12 -2.25179e-12 398387 1.65034e+06 2.99089e-07 "visualization/solution-9769.vtu"
9802 -8.98467e-12 -1.9499e-12 374563 1.7259e+06 2.80675e-07 "visualization/solution-9802.vtu"
9835 -8.66741e-12 -1.70259e-12 353129 1.79768e+06 2.64467e-07 "visualization/solution-9835.vtu"
9868 -8.37508e-12 -1.49805e-12 333782 1.86606e+06 2.50127e-07 "visualization/solution-9868.vtu"
9901 -8.10576e-12 -1.32738e-12 316268 1.93132e+06 2.37375e-07 "visualization/solution-9901.vtu"
9934 -7.85736e-12 -1.18374e-12 300368 1.99376e+06 2.2598e-07 "visualization/solution-9934.vtu"
9967 -7.62781e-12 -1.06192e-12 285898 2.05362e+06 2.15751e-07 "visualization/solution-9967.vtu"
