# Columns are as follows:
# 1: Frequency [Hz]
# 2: Real part of the volume displacement divided by the amplitude of pressure [m^3/Pa]
# 3: Imaginary part of the same
# 4: Real part of the impedance [Pa.s/m^3]
# 5: Imaginary part of the same
# 6: Absolute value of maximal displacement divided by amplitude of pressure [m/Pa]
# 5: File name for graphical output of the displacement visualization.
100 3.83231e-11 -2.98307e-13 323247 -4.15272e+07 4.3321e-07 "visualization/solution-100.vtu"
133 3.83554e-11 -2.98742e-13 242988 -3.11972e+07 4.33623e-07 "visualization/solution-133.vtu"
166 3.83969e-11 -2.99302e-13 194627 -2.49684e+07 4.34154e-07 "visualization/solution-166.vtu"
199 3.84476e-11 -2.99988e-13 162295 -2.08004e+07 4.34804e-07 "visualization/solution-199.vtu"
232 3.85077e-11 -3.00802e-13 139152 -1.78139e+07 4.35573e-07 "visualization/solution-232.vtu"
265 3.85773e-11 -3.01745e-13 121766 -1.55674e+07 4.36464e-07 "visualization/solution-265.vtu"
298 3.86564e-11 -3.02819e-13 108223 -1.38152e+07 4.37477e-07 "visualization/solution-298.vtu"
331 3.87451e-11 -3.04027e-13 97374 -1.24093e+07 4.38614e-07 "visualization/solution-331.vtu"
364 3.88437e-11 -3.05371e-13 88486.7 -1.12557e+07 4.39876e-07 "visualization/solution-364.vtu"
397 3.89523e-11 -3.06855e-13 81071.8 -1.02913e+07 4.41267e-07 "visualization/solution-397.vtu"
430 3.9071e-11 -3.08481e-13 74790.3 -9.47263e+06 4.42787e-07 "visualization/solution-430.vtu"
463 3.92e-11 -3.10254e-13 69399.8 -8.76852e+06 4.4444e-07 "visualization/solution-463.vtu"
496 3.93395e-11 -3.12177e-13 64722.4 -8.1561e+06 4.46228e-07 "visualization/solution-496.vtu"
529 3.94897e-11 -3.14255e-13 60624.8 -7.61821e+06 4.48153e-07 "visualization/solution-529.vtu"
562 3.9651e-11 -3.16492e-13 57004.8 -7.14171e+06 4.5022e-07 "visualization/solution-562.vtu"
595 3.98235e-11 -3.18895e-13 53783 -6.71639e+06 4.52432e-07 "visualization/solution-595.vtu"
628 4.00075e-11 -3.21469e-13 50896.5 -6.33419e+06 4.54792e-07 "visualization/solution-628.vtu"
661 4.02034e-11 -3.2422e-13 48295.2 -5.98863e+06 4.57305e-07 "visualization/solution-661.vtu"
694 4.04115e-11 -3.27155e-13 45938.4 -5.67449e+06 4.59974e-07 "visualization/solution-694.vtu"
727 4.06321e-11 -3.30282e-13 43792.8 -5.3875e+06 4.62805e-07 "visualization/solution-727.vtu"
760 4.08657e-11 -3.33609e-13 41830.9 -5.12411e+06 4.65803e-07 "visualization/solution-760.vtu"
793 4.11126e-11 -3.37145e-13 40029.8 -4.88138e+06 4.68973e-07 "visualization/solution-793.vtu"
826 4.13734e-11 -3.40899e-13 38370.2 -4.65682e+06 4.72321e-07 "visualization/solution-826.vtu"
859 4.16484e-11 -3.44881e-13 36835.8 -4.44835e+06 4.75854e-07 "visualization/solution-859.vtu"
892 4.19383e-11 -3.49104e-13 35412.7 -4.25417e+06 4.79578e-07 "visualization/solution-892.vtu"
925 4.22435e-11 -3.53579e-13 34089 -4.07275e+06 4.835e-07 "visualization/solution-925.vtu"
958 4.25647e-11 -3.5832e-13 32854.5 -3.90278e+06 4.8763e-07 "visualization/solution-958.vtu"
991 4.29026e-11 -3.63341e-13 31700.3 -3.74311e+06 4.91974e-07 "visualization/solution-991.vtu"
1024 4.32577e-11 -3.68658e-13 30618.5 -3.59273e+06 4.96542e-07 "visualization/solution-1024.vtu"
1057 4.3631e-11 -3.74288e-13 29602.5 -3.45079e+06 5.01345e-07 "visualization/solution-1057.vtu"
1090 4.40232e-11 -3.80249e-13 28646.2 -3.3165e+06 5.06392e-07 "visualization/solution-1090.vtu"
1123 4.44351e-11 -3.86563e-13 27744.4 -3.1892e+06 5.11695e-07 "visualization/solution-1123.vtu"
1156 4.48677e-11 -3.93252e-13 26892.5 -3.06828e+06 5.17267e-07 "visualization/solution-1156.vtu"
1189 4.53221e-11 -4.00339e-13 26086.3 -2.95321e+06 5.23121e-07 "visualization/solution-1189.vtu"
1222 4.57993e-11 -4.07852e-13 25322.1 -2.84352e+06 5.29271e-07 "visualization/solution-1222.vtu"
1255 4.63005e-11 -4.15819e-13 24596.6 -2.73877e+06 5.35733e-07 "visualization/solution-1255.vtu"
1288 4.6827e-11 -4.24273e-13 23906.8 -2.63859e+06 5.42523e-07 "visualization/solution-1288.vtu"
1321 4.73802e-11 -4.33249e-13 23250.2 -2.54264e+06 5.4966e-07 "visualization/solution-1321.vtu"
1354 4.79615e-11 -4.42786e-13 22624.1 -2.45059e+06 5.57164e-07 "visualization/solution-1354.vtu"
1387 4.85728e-11 -4.52926e-13 22026.6 -2.36218e+06 5.65057e-07 "visualization/solution-1387.vtu"
1420 4.92156e-11 -4.63718e-13 21455.6 -2.27714e+06 5.7336e-07 "visualization/solution-1420.vtu"
1453 4.9892e-11 -4.75212e-13 20909.3 -2.19525e+06 5.82102e-07 "visualization/solution-1453.vtu"
1486 5.06042e-11 -4.87468e-13 20386.1 -2.11629e+06 5.91308e-07 "visualization/solution-1486.vtu"
1519 5.13543e-11 -5.00551e-13 19884.5 -2.04006e+06 6.01009e-07 "visualization/solution-1519.vtu"
1552 5.21451e-11 -5.14532e-13 19403.1 -1.9664e+06 6.1124e-07 "visualization/solution-1552.vtu"
1585 5.29792e-11 -5.29492e-13 18940.8 -1.89515e+06 6.22036e-07 "visualization/solution-1585.vtu"
1618 5.38597e-11 -5.45522e-13 18496.2 -1.82614e+06 6.33438e-07 "visualization/solution-1618.vtu"
1651 5.479e-11 -5.62724e-13 18068.4 -1.75924e+06 6.45491e-07 "visualization/solution-1651.vtu"
1684 5.57739e-11 -5.81211e-13 17656.4 -1.69434e+06 6.58242e-07 "visualization/solution-1684.vtu"
1717 5.68155e-11 -6.01114e-13 17259.4 -1.6313e+06 6.71748e-07 "visualization/solution-1717.vtu"
1750 5.79193e-11 -6.22579e-13 16876.4 -1.57003e+06 6.86067e-07 "visualization/solution-1750.vtu"
1783 5.90906e-11 -6.45774e-13 16506.7 -1.51042e+06 7.01267e-07 "visualization/solution-1783.vtu"
1816 6.0335e-11 -6.70889e-13 16149.6 -1.45238e+06 7.17423e-07 "visualization/solution-1816.vtu"
1849 6.16588e-11 -6.98143e-13 15804.5 -1.39583e+06 7.34619e-07 "visualization/solution-1849.vtu"
1882 6.30693e-11 -7.27788e-13 15470.8 -1.34068e+06 7.52949e-07 "visualization/solution-1882.vtu"
1915 6.45745e-11 -7.60115e-13 15147.8 -1.28686e+06 7.72518e-07 "visualization/solution-1915.vtu"
1948 6.61836e-11 -7.95462e-13 14835 -1.23429e+06 7.93448e-07 "visualization/solution-1948.vtu"
1981 6.79069e-11 -8.34223e-13 14532 -1.18292e+06 8.15873e-07 "visualization/solution-1981.vtu"
2014 6.97562e-11 -8.76861e-13 14238.3 -1.13269e+06 8.3995e-07 "visualization/solution-2014.vtu"
2047 7.17451e-11 -9.2392e-13 13953.4 -1.08352e+06 8.65855e-07 "visualization/solution-2047.vtu"
2080 7.38891e-11 -9.76048e-13 13677 -1.03538e+06 8.93793e-07 "visualization/solution-2080.vtu"
2113 7.62063e-11 -1.03402e-12 13408.7 -988212 9.24001e-07 "visualization/solution-2113.vtu"
2146 7.87174e-11 -1.09875e-12 13148.1 -941965 9.56753e-07 "visualization/solution-2146.vtu"
2179 8.1447e-11 -1.17138e-12 12895 -896598 9.92371e-07 "visualization/solution-2179.vtu"
2212 8.44238e-11 -1.25327e-12 12648.9 -852068 1.03123e-06 "visualization/solution-2212.vtu"
2245 8.76819e-11 -1.34611e-12 12409.7 -808335 1.07378e-06 "visualization/solution-2245.vtu"
2278 9.12618e-11 -1.45199e-12 12177 -765363 1.12056e-06 "visualization/solution-2278.vtu"
2311 9.52126e-11 -1.57354e-12 11950.6 -723115 1.1722e-06 "visualization/solution-2311.vtu"
2344 9.95935e-11 -1.7141e-12 11730.3 -681558 1.22949e-06 "visualization/solution-2344.vtu"
2377 1.04477e-10 -1.87796e-12 11515.8 -640661 1.29339e-06 "visualization/solution-2377.vtu"
2410 1.09955e-10 -2.07072e-12 11306.9 -600393 1.36507e-06 "visualization/solution-2410.vtu"
2443 1.16138e-10 -2.29976e-12 11103.5 -560726 1.44605e-06 "visualization/solution-2443.vtu"
2476 1.23173e-10 -2.57505e-12 10905.3 -521633 1.53819e-06 "visualization/solution-2476.vtu"
2509 1.31244e-10 -2.91025e-12 10712.2 -483088 1.64397e-06 "visualization/solution-2509.vtu"
2542 1.40597e-10 -3.32454e-12 10524 -445066 1.7666e-06 "visualization/solution-2542.vtu"
2575 1.51561e-10 -3.84552e-12 10340.5 -407545 1.91041e-06 "visualization/solution-2575.vtu"
2608 1.64587e-10 -4.51413e-12 10161.7 -370501 2.08134e-06 "visualization/solution-2608.vtu"
2641 1.80314e-10 -5.39321e-12 9987.38 -333913 2.28781e-06 "visualization/solution-2641.vtu"
2674 1.99672e-10 -6.58333e-12 9817.42 -297762 2.54208e-06 "visualization/solution-2674.vtu"
2707 2.24077e-10 -8.25383e-12 9651.72 -262027 2.86284e-06 "visualization/solution-2707.vtu"
2740 2.55786e-10 -1.07082e-11 9490.16 -226690 3.27989e-06 "visualization/solution-2740.vtu"
2773 2.98639e-10 -1.45364e-11 9332.65 -191733 3.84406e-06 "visualization/solution-2773.vtu"
2806 3.59726e-10 -2.10131e-11 9179.1 -157138 4.64941e-06 "visualization/solution-2806.vtu"
2839 4.53734e-10 -3.33385e-11 9029.41 -122890 5.89175e-06 "visualization/solution-2839.vtu"
2872 6.16705e-10 -6.15761e-11 8883.51 -88971.3 8.05607e-06 "visualization/solution-2872.vtu"
2905 9.65437e-10 -1.52421e-10 8741.34 -55367.9 1.2753e-05 "visualization/solution-2905.vtu"
2938 2.13116e-09 -8.30926e-10 8602.82 -22064.5 2.99618e-05 "visualization/solution-2938.vtu"
2971 -3.06117e-09 -2.36659e-09 8467.9 10953.1 5.08828e-05 "visualization/solution-2971.vtu"
3004 -1.16984e-09 -2.23172e-10 8336.52 43698.9 1.57244e-05 "visualization/solution-3004.vtu"
3037 -6.79966e-10 -7.32628e-11 8208.64 76186 9.06696e-06 "visualization/solution-3037.vtu"
3070 -4.75482e-10 -3.54513e-11 8084.22 108428 6.3478e-06 "visualization/solution-3070.vtu"
3103 -3.64053e-10 -2.06431e-11 7963.22 140436 4.87528e-06 "visualization/solution-3103.vtu"
3136 -2.94069e-10 -1.33962e-11 7845.62 172224 3.95299e-06 "visualization/solution-3136.vtu"
3169 -2.46072e-10 -9.33489e-12 7731.4 203803 3.32143e-06 "visualization/solution-3169.vtu"
3202 -2.11122e-10 -6.84082e-12 7620.53 235185 2.86203e-06 "visualization/solution-3202.vtu"
3235 -1.84543e-10 -5.20484e-12 7513.01 266381 2.51295e-06 "visualization/solution-3235.vtu"
3268 -1.63653e-10 -4.07689e-12 7408.83 297403 2.23879e-06 "visualization/solution-3267.vtu"
3301 -1.46805e-10 -3.2683e-12 7308 328260 2.01783e-06 "visualization/solution-3300.vtu"
3334 -1.32931e-10 -2.67019e-12 7210.51 358964 1.836e-06 "visualization/solution-3333.vtu"
3367 -1.2131e-10 -2.21625e-12 7116.4 389526 1.68379e-06 "visualization/solution-3366.vtu"
3400 -1.11434e-10 -1.86424e-12 7025.67 419955 1.55454e-06 "visualization/solution-3399.vtu"
3433 -1.02938e-10 -1.58624e-12 6938.35 450262 1.44346e-06 "visualization/solution-3432.vtu"
3466 -9.5554e-11 -1.36323e-12 6854.48 480457 1.34698e-06 "visualization/solution-3465.vtu"
3499 -8.90762e-11 -1.18189e-12 6774.1 510549 1.26244e-06 "visualization/solution-3498.vtu"
3532 -8.33484e-11 -1.03266e-12 6697.26 540550 1.18775e-06 "visualization/solution-3531.vtu"
3565 -7.82477e-11 -9.08578e-13 6624.02 570467 1.12132e-06 "visualization/solution-3564.vtu"
3598 -7.36767e-11 -8.0443e-13 6554.43 600312 1.06187e-06 "visualization/solution-3597.vtu"
3631 -6.95573e-11 -7.16287e-13 6488.57 630093 1.00836e-06 "visualization/solution-3630.vtu"
3664 -6.58259e-11 -6.41131e-13 6426.53 659822 9.59954e-07 "visualization/solution-3663.vtu"
3697 -6.24303e-11 -5.76616e-13 6368.38 689506 9.15977e-07 "visualization/solution-3696.vtu"
3730 -5.93273e-11 -5.20898e-13 6314.25 719156 8.75857e-07 "visualization/solution-3729.vtu"
3763 -5.64807e-11 -4.7251e-13 6264.23 748783 8.39119e-07 "visualization/solution-3762.vtu"
3796 -5.386e-11 -4.30277e-13 6218.45 778395 8.05363e-07 "visualization/solution-3795.vtu"
3829 -5.14395e-11 -3.93246e-13 6177.03 808003 7.74252e-07 "visualization/solution-3828.vtu"
3862 -4.91971e-11 -3.60639e-13 6140.14 837616 7.45496e-07 "visualization/solution-3861.vtu"
3895 -4.71139e-11 -3.31819e-13 6107.93 867246 7.18846e-07 "visualization/solution-3894.vtu"
3928 -4.51735e-11 -3.06255e-13 6080.57 896902 6.94089e-07 "visualization/solution-3927.vtu"
3961 -4.33618e-11 -2.83508e-13 6058.25 926595 6.71037e-07 "visualization/solution-3960.vtu"
3994 -4.16663e-11 -2.63206e-13 6041.18 956335 6.4953e-07 "visualization/solution-3993.vtu"
4027 -4.00762e-11 -2.4504e-13 6029.59 986135 6.29424e-07 "visualization/solution-4026.vtu"
4060 -3.85819e-11 -2.28745e-13 6023.71 1.016e+06 6.10595e-07 "visualization/solution-4059.vtu"
4093 -3.7175e-11 -2.14096e-13 6023.81 1.04596e+06 5.92933e-07 "visualization/solution-4092.vtu"
4126 -3.5848e-11 -2.00901e-13 6030.18 1.076e+06 5.7634e-07 "visualization/solution-4126.vtu"
4159 -3.45942e-11 -1.88995e-13 6043.13 1.10615e+06 5.60728e-07 "visualization/solution-4159.vtu"
4192 -3.34078e-11 -1.78236e-13 6062.98 1.13642e+06 5.4602e-07 "visualization/solution-4192.vtu"
4225 -3.22833e-11 -1.685e-13 6090.12 1.16682e+06 5.32148e-07 "visualization/solution-4225.vtu"
4258 -3.12159e-11 -1.5968e-13 6124.93 1.19737e+06 5.19048e-07 "visualization/solution-4258.vtu"
4291 -3.02014e-11 -1.51683e-13 6167.85 1.22807e+06 5.06664e-07 "visualization/solution-4291.vtu"
4324 -2.92358e-11 -1.44427e-13 6219.33 1.25895e+06 4.94946e-07 "visualization/solution-4324.vtu"
4357 -2.83156e-11 -1.37842e-13 6279.9 1.29002e+06 4.83849e-07 "visualization/solution-4357.vtu"
4390 -2.74376e-11 -1.31864e-13 6350.09 1.3213e+06 4.73331e-07 "visualization/solution-4390.vtu"
4423 -2.65988e-11 -1.26437e-13 6430.5 1.35279e+06 4.63354e-07 "visualization/solution-4423.vtu"
4456 -2.57966e-11 -1.21515e-13 6521.8 1.38453e+06 4.53884e-07 "visualization/solution-4456.vtu"
4489 -2.50286e-11 -1.17052e-13 6624.69 1.41652e+06 4.44891e-07 "visualization/solution-4489.vtu"
4522 -2.42925e-11 -1.13011e-13 6739.93 1.4488e+06 4.36345e-07 "visualization/solution-4522.vtu"
4555 -2.35863e-11 -1.09358e-13 6868.39 1.48137e+06 4.28222e-07 "visualization/solution-4555.vtu"
4588 -2.2908e-11 -1.06063e-13 7010.97 1.51426e+06 4.20496e-07 "visualization/solution-4588.vtu"
4621 -2.2256e-11 -1.031e-13 7168.69 1.54749e+06 4.13147e-07 "visualization/solution-4621.vtu"
4654 -2.16286e-11 -1.00444e-13 7342.65 1.58109e+06 4.06154e-07 "visualization/solution-4654.vtu"
4687 -2.10243e-11 -9.80742e-14 7534.06 1.61508e+06 3.99499e-07 "visualization/solution-4687.vtu"
4720 -2.04417e-11 -9.59722e-14 7744.24 1.6495e+06 3.93166e-07 "visualization/solution-4720.vtu"
4753 -1.98796e-11 -9.41211e-14 7974.66 1.68436e+06 3.87139e-07 "visualization/solution-4753.vtu"
4786 -1.93368e-11 -9.25062e-14 8226.93 1.7197e+06 3.81403e-07 "visualization/solution-4786.vtu"
4819 -1.88122e-11 -9.11145e-14 8502.8 1.75555e+06 3.75946e-07 "visualization/solution-4819.vtu"
4852 -1.83047e-11 -8.99344e-14 8804.23 1.79196e+06 3.70756e-07 "visualization/solution-4852.vtu"
4885 -1.78133e-11 -8.89558e-14 9133.38 1.82895e+06 3.65822e-07 "visualization/solution-4885.vtu"
4918 -1.73371e-11 -8.81701e-14 9492.63 1.86656e+06 3.61133e-07 "visualization/solution-4918.vtu"
4951 -1.68754e-11 -8.75695e-14 9884.65 1.90485e+06 3.5668e-07 "visualization/solution-4951.vtu"
4984 -1.64272e-11 -8.71477e-14 10312.4 1.94386e+06 3.52455e-07 "visualization/solution-4984.vtu"
5017 -1.59919e-11 -8.68992e-14 10779.1 1.98365e+06 3.4845e-07 "visualization/solution-5017.vtu"
5050 -1.55686e-11 -8.68196e-14 11288.4 2.02425e+06 3.44658e-07 "visualization/solution-5050.vtu"
5083 -1.51568e-11 -8.69053e-14 11844.5 2.06575e+06 3.41072e-07 "visualization/solution-5083.vtu"
5116 -1.47558e-11 -8.71537e-14 12451.9 2.1082e+06 3.37687e-07 "visualization/solution-5116.vtu"
5149 -1.4365e-11 -8.75632e-14 13115.8 2.15167e+06 3.34498e-07 "visualization/solution-5149.vtu"
5182 -1.39837e-11 -8.81327e-14 13841.9 2.19625e+06 3.31499e-07 "visualization/solution-5182.vtu"
5215 -1.36116e-11 -8.88623e-14 14636.9 2.24202e+06 3.28687e-07 "visualization/solution-5215.vtu"
5248 -1.32479e-11 -8.97527e-14 15508.1 2.28907e+06 3.26058e-07 "visualization/solution-5248.vtu"
5281 -1.28923e-11 -9.08055e-14 16464 2.33751e+06 3.23609e-07 "visualization/solution-5281.vtu"
5314 -1.25442e-11 -9.20232e-14 17514.2 2.38745e+06 3.21337e-07 "visualization/solution-5314.vtu"
5347 -1.22031e-11 -9.3409e-14 18669.5 2.43901e+06 3.1924e-07 "visualization/solution-5347.vtu"
5380 -1.18687e-11 -9.49674e-14 19942.6 2.49235e+06 3.17317e-07 "visualization/solution-5380.vtu"
5413 -1.15404e-11 -9.67035e-14 21347.9 2.54761e+06 3.15566e-07 "visualization/solution-5413.vtu"
5446 -1.12178e-11 -9.86234e-14 22902 2.60496e+06 3.13988e-07 "visualization/solution-5446.vtu"
5479 -1.09006e-11 -1.00735e-13 24624.3 2.66461e+06 3.1258e-07 "visualization/solution-5479.vtu"
5512 -1.05882e-11 -1.03045e-13 26537.2 2.72677e+06 3.11345e-07 "visualization/solution-5512.vtu"
5545 -1.02803e-11 -1.05566e-13 28667 2.79168e+06 3.10282e-07 "visualization/solution-5545.vtu"
5578 -9.97655e-12 -1.08307e-13 31044.5 2.85963e+06 3.09394e-07 "visualization/solution-5578.vtu"
5611 -9.67646e-12 -1.1128e-13 33706.1 2.93093e+06 3.08682e-07 "visualization/solution-5611.vtu"
5644 -9.37964e-12 -1.14501e-13 36695 3.00595e+06 3.08149e-07 "visualization/solution-5644.vtu"
5677 -9.08571e-12 -1.17986e-13 40062.7 3.0851e+06 3.07798e-07 "visualization/solution-5677.vtu"
5710 -8.79426e-12 -1.21752e-13 43871 3.16885e+06 3.07632e-07 "visualization/solution-5710.vtu"
5743 -8.50487e-12 -1.2582e-13 48194.7 3.25776e+06 3.07657e-07 "visualization/solution-5743.vtu"
5776 -8.21711e-12 -1.30212e-13 53124.7 3.35247e+06 3.07878e-07 "visualization/solution-5776.vtu"
5809 -7.93057e-12 -1.34955e-13 58772.4 3.45373e+06 3.08301e-07 "visualization/solution-5809.vtu"
5842 -7.64479e-12 -1.40078e-13 65275.6 3.56244e+06 3.08934e-07 "visualization/solution-5842.vtu"
5875 -7.3593e-12 -1.45613e-13 72806.3 3.67964e+06 3.09783e-07 "visualization/solution-5875.vtu"
5908 -7.07363e-12 -1.51598e-13 81580.9 3.80661e+06 3.1086e-07 "visualization/solution-5908.vtu"
5941 -6.78726e-12 -1.58074e-13 91875 3.94485e+06 3.12173e-07 "visualization/solution-5941.vtu"
5974 -6.49965e-12 -1.6509e-13 104044 4.09624e+06 3.13736e-07 "visualization/solution-5974.vtu"
6007 -6.21022e-12 -1.72699e-13 118550 4.26304e+06 3.15561e-07 "visualization/solution-6007.vtu"
6040 -5.91837e-12 -1.80963e-13 136007 4.44811e+06 3.17664e-07 "visualization/solution-6040.vtu"
6073 -5.62343e-12 -1.89952e-13 157240 4.655e+06 3.20061e-07 "visualization/solution-6073.vtu"
6106 -5.32469e-12 -1.99748e-13 183378 4.88831e+06 3.22773e-07 "visualization/solution-6106.vtu"
6139 -5.02135e-12 -2.10443e-13 216000 5.15394e+06 3.25821e-07 "visualization/solution-6139.vtu"
6172 -4.71257e-12 -2.22146e-13 257366 5.45974e+06 3.2923e-07 "visualization/solution-6172.vtu"
6205 -4.39741e-12 -2.3498e-13 310797 5.81625e+06 3.33028e-07 "visualization/solution-6205.vtu"
6238 -4.0748e-12 -2.4909e-13 381328 6.23804e+06 3.37247e-07 "visualization/solution-6238.vtu"
6271 -3.74359e-12 -2.64647e-13 476880 6.74574e+06 3.41923e-07 "visualization/solution-6271.vtu"
6304 -3.40247e-12 -2.8185e-13 610471 7.36954e+06 3.471e-07 "visualization/solution-6304.vtu"
6337 -3.04994e-12 -3.00935e-13 804670 8.15524e+06 3.52824e-07 "visualization/solution-6337.vtu"
6370 -2.68435e-12 -3.22182e-13 1.10127e+06 9.17552e+06 3.59151e-07 "visualization/solution-6370.vtu"
6403 -2.30375e-12 -3.45926e-13 1.5844e+06 1.05516e+07 3.66145e-07 "visualization/solution-6403.vtu"
6436 -1.90596e-12 -3.7257e-13 2.44287e+06 1.2497e+07 3.73882e-07 "visualization/solution-6436.vtu"
6469 -1.48839e-12 -4.02604e-13 4.16636e+06 1.54027e+07 3.82447e-07 "visualization/solution-6469.vtu"
6502 -1.04809e-12 -4.36624e-13 8.29053e+06 1.99009e+07 3.91945e-07 "visualization/solution-6502.vtu"
6535 -5.81541e-13 -4.75366e-13 2.0521e+07 2.51044e+07 4.02495e-07 "visualization/solution-6535.vtu"
6568 -8.45981e-14 -5.19744e-13 4.54193e+07 7.39284e+06 4.14245e-07 "visualization/solution-6568.vtu"
6601 4.47687e-13 -5.70907e-13 2.61513e+07 -2.05071e+07 4.27366e-07 "visualization/solution-6601.vtu"
6634 1.02128e-12 -6.30309e-13 1.04989e+07 -1.70113e+07 4.42071e-07 "visualization/solution-6634.vtu"
6667 1.64342e-12 -6.9982e-13 5.23607e+06 -1.22961e+07 4.58617e-07 "visualization/solution-6667.vtu"
6700 2.32304e-12 -7.81875e-13 3.09146e+06 -9.18509e+06 4.77322e-07 "visualization/solution-6700.vtu"
6733 3.0712e-12 -8.79685e-13 2.0374e+06 -7.1131e+06 4.98583e-07 "visualization/solution-6733.vtu"
6766 3.90187e-12 -9.9756e-13 1.44672e+06 -5.65871e+06 5.22904e-07 "visualization/solution-6766.vtu"
6799 4.83287e-12 -1.14139e-12 1.0835e+06 -4.58773e+06 5.5093e-07 "visualization/solution-6799.vtu"
6832 5.8873e-12 -1.31941e-12 844378 -3.76767e+06 5.83504e-07 "visualization/solution-6832.vtu"
6865 7.09571e-12 -1.54336e-12 678549 -3.11967e+06 6.21746e-07 "visualization/solution-6865.vtu"
6898 8.49922e-12 -1.83051e-12 558753 -2.59434e+06 6.67178e-07 "visualization/solution-6898.vtu"
6931 1.01545e-11 -2.20702e-12 469320 -2.15934e+06 7.21917e-07 "visualization/solution-6931.vtu"
6964 1.21417e-11 -2.71407e-12 400728 -1.7927e+06 7.88997e-07 "visualization/solution-6964.vtu"
6997 1.45775e-11 -3.41939e-12 346921 -1.47899e+06 8.72921e-07 "visualization/solution-6997.vtu"
7030 1.76378e-11 -4.44061e-12 303898 -1.20706e+06 9.80645e-07 "visualization/solution-7030.vtu"
7063 2.15974e-11 -5.99591e-12 268929 -968687 1.12348e-06 "visualization/solution-7063.vtu"
7096 2.69015e-11 -8.52509e-12 240099 -757651 1.32095e-06 "visualization/solution-7096.vtu"
7129 3.42842e-11 -1.30128e-11 216035 -569177 1.60947e-06 "visualization/solution-7129.vtu"
7162 4.48552e-11 -2.19739e-11 195727 -399536 2.06286e-06 "visualization/solution-7162.vtu"
7195 5.894e-11 -4.27876e-11 178421 -245775 2.83956e-06 "visualization/solution-7195.vtu"
7228 6.13365e-11 -9.50605e-11 163545 -105525 4.1757e-06 "visualization/solution-7228.vtu"
7261 -2.18278e-11 -1.42138e-10 150657 23136.1 5.03827e-06 "visualization/solution-7261.vtu"
7294 -7.82452e-11 -7.69368e-11 139414 141784 3.65807e-06 "visualization/solution-7294.vtu"
7327 -6.82242e-11 -3.51093e-11 129541 251723 2.43903e-06 "visualization/solution-7327.vtu"
7360 -5.47072e-11 -1.86696e-11 120822 354041 1.75574e-06 "visualization/solution-7360.vtu"
7393 -4.50286e-11 -1.1324e-11 113080 449654 1.35002e-06 "visualization/solution-7393.vtu"
7426 -3.82555e-11 -7.53099e-12 106174 539335 1.08713e-06 "visualization/solution-7426.vtu"
7459 -3.33513e-11 -5.34607e-12 99984 623747 9.0459e-07 "visualization/solution-7459.vtu"
7492 -2.96641e-11 -3.98134e-12 94414.1 703458 7.71074e-07 "visualization/solution-7492.vtu"
7525 -2.67991e-11 -3.07512e-12 89383 778956 6.69462e-07 "visualization/solution-7525.vtu"
7558 -2.45108e-11 -2.44404e-12 84822.4 850667 5.89702e-07 "visualization/solution-7558.vtu"
7591 -2.26407e-11 -1.98762e-12 80675.2 918960 5.25529e-07 "visualization/solution-7591.vtu"
7624 -2.10828e-11 -1.6472e-12 76892.4 984161 4.72852e-07 "visualization/solution-7624.vtu"
7657 -1.97636e-11 -1.38674e-12 73432.5 1.04655e+06 4.28887e-07 "visualization/solution-7657.vtu"
7690 -1.8631e-11 -1.18314e-12 70259.8 1.10639e+06 3.91678e-07 "visualization/solution-7690.vtu"
7723 -1.76468e-11 -1.02105e-12 67343.6 1.1639e+06 3.59811e-07 "visualization/solution-7723.vtu"
7756 -1.67827e-11 -8.89973e-13 64657.1 1.21927e+06 3.3224e-07 "visualization/solution-7756.vtu"
7789 -1.60169e-11 -7.82506e-13 62177.3 1.27269e+06 3.08173e-07 "visualization/solution-7789.vtu"
7822 -1.53328e-11 -6.93333e-13 59884.1 1.32432e+06 2.87002e-07 "visualization/solution-7822.vtu"
7855 -1.47173e-11 -6.18549e-13 57759.6 1.37429e+06 2.68251e-07 "visualization/solution-7855.vtu"
7888 -1.41599e-11 -5.55237e-13 55788.5 1.42274e+06 2.51543e-07 "visualization/solution-7888.vtu"
7921 -1.36521e-11 -5.01181e-13 53957 1.46979e+06 2.36574e-07 "visualization/solution-7921.vtu"
7954 -1.31872e-11 -4.54675e-13 52253.2 1.51553e+06 2.23098e-07 "visualization/solution-7954.vtu"
7987 -1.27595e-11 -4.14387e-13 50666.1 1.56007e+06 2.10914e-07 "visualization/solution-7987.vtu"
8020 -1.23643e-11 -3.79267e-13 49186.5 1.6035e+06 1.99854e-07 "visualization/solution-8020.vtu"
8053 -1.19976e-11 -3.48476e-13 47805.8 1.64589e+06 1.89779e-07 "visualization/solution-8053.vtu"
8086 -1.16562e-11 -3.2134e-13 46516.4 1.68733e+06 1.80571e-07 "visualization/solution-8086.vtu"
8119 -1.13373e-11 -2.9731e-13 45311.7 1.72786e+06 1.72131e-07 "visualization/solution-8119.vtu"
8152 -1.10384e-11 -2.75937e-13 44185.6 1.76757e+06 1.64373e-07 "visualization/solution-8152.vtu"
8185 -1.07576e-11 -2.5685e-13 43132.7 1.80651e+06 1.57227e-07 "visualization/solution-8185.vtu"
8218 -1.04929e-11 -2.39741e-13 42148.2 1.84473e+06 1.50627e-07 "visualization/solution-8218.vtu"
8251 -1.02429e-11 -2.24352e-13 41227.7 1.88227e+06 1.44521e-07 "visualization/solution-8251.vtu"
8284 -1.00062e-11 -2.10465e-13 40367.4 1.9192e+06 1.3886e-07 "visualization/solution-8284.vtu"
8317 -9.78157e-12 -1.97897e-13 39563.7 1.95554e+06 1.33604e-07 "visualization/solution-8317.vtu"
8350 -9.56802e-12 -1.86491e-13 38813.5 1.99135e+06 1.28716e-07 "visualization/solution-8350.vtu"
8383 -9.36459e-12 -1.76115e-13 38114.1 2.02665e+06 1.24163e-07 "visualization/solution-8383.vtu"
8416 -9.17046e-12 -1.66653e-13 37462.9 2.06148e+06 1.19918e-07 "visualization/solution-8416.vtu"
8449 -8.98489e-12 -1.58005e-13 36857.6 2.09589e+06 1.16856e-07 "visualization/solution-8449.vtu"
8482 -8.80722e-12 -1.50088e-13 36296.4 2.12989e+06 1.14234e-07 "visualization/solution-8482.vtu"
8515 -8.63686e-12 -1.42825e-13 35777.4 2.16352e+06 1.11734e-07 "visualization/solution-8515.vtu"
8548 -8.47327e-12 -1.36152e-13 35299.3 2.19681e+06 1.09347e-07 "visualization/solution-8548.vtu"
8581 -8.31598e-12 -1.30012e-13 34860.5 2.22978e+06 1.07063e-07 "visualization/solution-8581.vtu"
8614 -8.16454e-12 -1.24356e-13 34460.2 2.26247e+06 1.04877e-07 "visualization/solution-8614.vtu"
8647 -8.01857e-12 -1.19139e-13 34097.3 2.29489e+06 1.0278e-07 "visualization/solution-8647.vtu"
8680 -7.87769e-12 -1.14323e-13 33771.1 2.32707e+06 1.00765e-07 "visualization/solution-8680.vtu"
8713 -7.74157e-12 -1.09874e-13 33481.1 2.35904e+06 9.88605e-08 "visualization/solution-8713.vtu"
8746 -7.60992e-12 -1.0576e-13 33226.9 2.39082e+06 9.70477e-08 "visualization/solution-8746.vtu"
8779 -7.48246e-12 -1.01957e-13 33008.3 2.42242e+06 9.53003e-08 "visualization/solution-8779.vtu"
8812 -7.35892e-12 -9.84395e-14 32825.3 2.45388e+06 9.36305e-08 "visualization/solution-8812.vtu"
8845 -7.23907e-12 -9.51868e-14 32678.2 2.48522e+06 9.20515e-08 "visualization/solution-8845.vtu"
8878 -7.1227e-12 -9.21802e-14 32567.2 2.51645e+06 9.05241e-08 "visualization/solution-8878.vtu"
8911 -7.0096e-12 -8.94034e-14 32493.1 2.54759e+06 8.90449e-08 "visualization/solution-8911.vtu"
8944 -6.89958e-12 -8.68415e-14 32456.5 2.57868e+06 8.76107e-08 "visualization/solution-8944.vtu"
8977 -6.79246e-12 -8.44818e-14 32458.7 2.60973e+06 8.62315e-08 "visualization/solution-8977.vtu"
9010 -6.68807e-12 -8.23128e-14 32500.9 2.64076e+06 8.49052e-08 "visualization/solution-9010.vtu"
9043 -6.58627e-12 -8.03249e-14 32584.7 2.6718e+06 8.36314e-08 "visualization/solution-9043.vtu"
9076 -6.48691e-12 -7.85095e-14 32712.2 2.70287e+06 8.24011e-08 "visualization/solution-9076.vtu"
9109 -6.38984e-12 -7.68595e-14 32885.5 2.73399e+06 8.12016e-08 "visualization/solution-9109.vtu"
9142 -6.29494e-12 -7.53689e-14 33107.5 2.76519e+06 8.00306e-08 "visualization/solution-9142.vtu"
9175 -6.20208e-12 -7.40328e-14 33381.2 2.7965e+06 7.89102e-08 "visualization/solution-9175.vtu"
9208 -6.11114e-12 -7.28479e-14 33710.5 2.82794e+06 7.78407e-08 "visualization/solution-9208.vtu"
9241 -6.02201e-12 -7.18115e-14 34099.7 2.85955e+06 7.67934e-08 "visualization/solution-9241.vtu"
9274 -5.93457e-12 -7.09226e-14 34553.8 2.89136e+06 7.57663e-08 "visualization/solution-9274.vtu"
9307 -5.84873e-12 -7.01811e-14 35078.8 2.92339e+06 7.4798e-08 "visualization/solution-9307.vtu"
9340 -5.76436e-12 -6.95885e-14 35681.6 2.95569e+06 7.38564e-08 "visualization/solution-9340.vtu"
9373 -5.68138e-12 -6.91475e-14 36370.3 2.9883e+06 7.29297e-08 "visualization/solution-9373.vtu"
9406 -5.59967e-12 -6.88627e-14 37154.3 3.02125e+06 7.20159e-08 "visualization/solution-9406.vtu"
9439 -5.51913e-12 -6.87402e-14 38044.9 3.05461e+06 7.11133e-08 "visualization/solution-9439.vtu"
9472 -5.43967e-12 -6.87883e-14 39055.2 3.08842e+06 7.02456e-08 "visualization/solution-9472.vtu"
9505 -5.36116e-12 -6.90177e-14 40201.1 3.12275e+06 6.94341e-08 "visualization/solution-9505.vtu"
9538 -5.28352e-12 -6.94417e-14 41501.4 3.15766e+06 6.86293e-08 "visualization/solution-9538.vtu"
9571 -5.20661e-12 -7.00771e-14 42978.4 3.19322e+06 6.83648e-08 "visualization/solution-9571.vtu"
9604 -5.13032e-12 -7.09446e-14 44659.6 3.22954e+06 6.86599e-08 "visualization/solution-9604.vtu"
9637 -5.05453e-12 -7.20698e-14 46578 3.2667e+06 6.90644e-08 "visualization/solution-9637.vtu"
9670 -4.9791e-12 -7.34842e-14 48774.3 3.30482e+06 6.95865e-08 "visualization/solution-9670.vtu"
9703 -4.90388e-12 -7.52268e-14 51298.5 3.34405e+06 7.02359e-08 "visualization/solution-9703.vtu"
9736 -4.8287e-12 -7.7346e-14 54213.3 3.38453e+06 7.10242e-08 "visualization/solution-9736.vtu"
9769 -4.75338e-12 -7.99022e-14 57597.2 3.42645e+06 7.19655e-08 "visualization/solution-9769.vtu"
9802 -4.6777e-12 -8.2971e-14 61550.2 3.47005e+06 7.30768e-08 "visualization/solution-9802.vtu"
9835 -4.60144e-12 -8.66483e-14 66201 3.51559e+06 7.43787e-08 "visualization/solution-9835.vtu"
9868 -4.52429e-12 -9.10564e-14 71717.3 3.5634e+06 7.58964e-08 "visualization/solution-9868.vtu"
9901 -4.44594e-12 -9.63533e-14 78320.6 3.61388e+06 7.76608e-08 "visualization/solution-9901.vtu"
9934 -4.36599e-12 -1.02745e-13 86308.1 3.66752e+06 7.97104e-08 "visualization/solution-9934.vtu"
9967 -4.28395e-12 -1.10505e-13 96086.2 3.72497e+06 8.20931e-08 "visualization/solution-9967.vtu"
