# Columns are as follows:
# 1: Frequency [Hz]
# 2: Real part of the volume displacement divided by the amplitude of pressure [m^3/Pa]
# 3: Imaginary part of the same
# 4: Real part of the impedance [Pa.s/m^3]
# 5: Imaginary part of the same
# 6: Absolute value of maximal displacement divided by amplitude of pressure [m/Pa]
# 5: File name for graphical output of the displacement visualization.
100 2.42606e-10 -8.54179e-12 230690 -6.5521e+06 3.5178e-06 "visualization/solution-100.vtu"
133 2.44149e-10 -8.65097e-12 173452 -4.89518e+06 3.54189e-06 "visualization/solution-133.vtu"
166 2.46159e-10 -8.79426e-12 138971 -3.88993e+06 3.57327e-06 "visualization/solution-166.vtu"
199 2.48659e-10 -8.97417e-12 115928 -3.21216e+06 3.61231e-06 "visualization/solution-199.vtu"
232 2.5168e-10 -9.19401e-12 99440.2 -2.72211e+06 3.65948e-06 "visualization/solution-232.vtu"
265 2.55257e-10 -9.45794e-12 87060.3 -2.34964e+06 3.71536e-06 "visualization/solution-265.vtu"
298 2.59437e-10 -9.77123e-12 77423.6 -2.05568e+06 3.78067e-06 "visualization/solution-298.vtu"
331 2.64277e-10 -1.01405e-11 69709.8 -1.81675e+06 3.8563e-06 "visualization/solution-331.vtu"
364 2.69843e-10 -1.05739e-11 63396.4 -1.61786e+06 3.94332e-06 "visualization/solution-364.vtu"
397 2.76221e-10 -1.10819e-11 58134.5 -1.44902e+06 4.04304e-06 "visualization/solution-397.vtu"
430 2.8351e-10 -1.16776e-11 53682.3 -1.30331e+06 4.15707e-06 "visualization/solution-430.vtu"
463 2.91836e-10 -1.23775e-11 49867.1 -1.17576e+06 4.28735e-06 "visualization/solution-463.vtu"
496 3.01352e-10 -1.32031e-11 46562.1 -1.06275e+06 4.43632e-06 "visualization/solution-496.vtu"
529 3.12249e-10 -1.4182e-11 43672.2 -961542 4.60699e-06 "visualization/solution-529.vtu"
562 3.24767e-10 -1.53509e-11 41124.7 -870046 4.80315e-06 "visualization/solution-562.vtu"
595 3.39211e-10 -1.67584e-11 38863 -786637 5.02961e-06 "visualization/solution-595.vtu"
628 3.55973e-10 -1.8471e-11 36842.5 -710029 5.29258e-06 "visualization/solution-628.vtu"
661 3.75565e-10 -2.05808e-11 35027.4 -639192 5.60016e-06 "visualization/solution-661.vtu"
694 3.9867e-10 -2.32188e-11 33389.1 -573293 5.9632e-06 "visualization/solution-694.vtu"
727 4.26216e-10 -2.65766e-11 31903.7 -511648 6.39643e-06 "visualization/solution-727.vtu"
760 4.59497e-10 -3.09431e-11 30552 -453690 6.92046e-06 "visualization/solution-760.vtu"
793 5.00371e-10 -3.67711e-11 29317.8 -398948 7.56497e-06 "visualization/solution-793.vtu"
826 5.51601e-10 -4.48045e-11 28187.4 -347024 8.37427e-06 "visualization/solution-826.vtu"
859 6.17481e-10 -5.63354e-11 27149.5 -297580 9.41756e-06 "visualization/solution-859.vtu"
892 7.05041e-10 -7.37755e-11 26194.4 -250329 1.08091e-05 "visualization/solution-892.vtu"
925 8.26619e-10 -1.02061e-10 25313.8 -205023 1.27519e-05 "visualization/solution-925.vtu"
958 1.00586e-09 -1.52646e-10 24500.7 -161447 1.56428e-05 "visualization/solution-958.vtu"
991 1.29372e-09 -2.57292e-10 23749 -119415 2.03717e-05 "visualization/solution-991.vtu"
1024 1.8176e-09 -5.31999e-10 23053.4 -78763.3 2.93847e-05 "visualization/solution-1024.vtu"
1057 2.88948e-09 -1.64563e-09 22409.5 -39347.8 5.1843e-05 "visualization/solution-1057.vtu"
1090 3.18777e-10 -6.67859e-09 21813.3 -1041.17 0.000104767 "visualization/solution-1090.vtu"
1123 -2.90814e-09 -1.70475e-09 21261.3 36269.9 5.30966e-05 "visualization/solution-1123.vtu"
1156 -1.75138e-09 -4.99989e-10 20750.8 72686.7 2.88443e-05 "visualization/solution-1156.vtu"
1189 -1.1941e-09 -2.23594e-10 20279.1 108300 1.9348e-05 "visualization/solution-1189.vtu"
1222 -8.92411e-10 -1.23672e-10 19844 143193 1.44326e-05 "visualization/solution-1222.vtu"
1255 -7.06222e-10 -7.73874e-11 19443.8 177440 1.14503e-05 "visualization/solution-1255.vtu"
1288 -5.80586e-10 -5.24642e-11 19076.7 211109 9.45471e-06 "visualization/solution-1288.vtu"
1321 -4.90357e-10 -3.76236e-11 18741.5 244262 8.02854e-06 "visualization/solution-1321.vtu"
1354 -4.2254e-10 -2.81285e-11 18437 276957 6.9601e-06 "visualization/solution-1354.vtu"
1387 -3.69778e-10 -2.17174e-11 18162.5 309248 6.13084e-06 "visualization/solution-1387.vtu"
1420 -3.27602e-10 -1.72038e-11 17917.1 341185 5.46928e-06 "visualization/solution-1420.vtu"
1453 -2.93147e-10 -1.3918e-11 17700.4 372813 4.92978e-06 "visualization/solution-1453.vtu"
1486 -2.64493e-10 -1.14599e-11 17512.2 404178 4.48187e-06 "visualization/solution-1486.vtu"
1519 -2.40305e-10 -9.57873e-12 17352.2 435321 4.10442e-06 "visualization/solution-1519.vtu"
1552 -2.19628e-10 -8.11122e-12 17220.6 466283 3.78231e-06 "visualization/solution-1552.vtu"
1585 -2.01758e-10 -6.94751e-12 17117.6 497101 3.50447e-06 "visualization/solution-1585.vtu"
1618 -1.8617e-10 -6.01158e-12 17043.5 527812 3.26258e-06 "visualization/solution-1618.vtu"
1651 -1.72458e-10 -5.24953e-12 16999.1 558454 3.05028e-06 "visualization/solution-1651.vtu"
1684 -1.60308e-10 -4.62233e-12 16985 589062 2.86262e-06 "visualization/solution-1684.vtu"
1717 -1.49473e-10 -4.10119e-12 17002.4 619671 2.69571e-06 "visualization/solution-1717.vtu"
1750 -1.39752e-10 -3.66453e-12 17052.4 650317 2.54643e-06 "visualization/solution-1750.vtu"
1783 -1.30986e-10 -3.29593e-12 17136.5 681033 2.41223e-06 "visualization/solution-1783.vtu"
1816 -1.23043e-10 -2.98272e-12 17256.3 711857 2.29108e-06 "visualization/solution-1816.vtu"
1849 -1.15813e-10 -2.71501e-12 17414 742824 2.18125e-06 "visualization/solution-1849.vtu"
1882 -1.09207e-10 -2.48501e-12 17611.8 773972 2.08133e-06 "visualization/solution-1882.vtu"
1915 -1.03148e-10 -2.28652e-12 17852.3 805338 1.99014e-06 "visualization/solution-1915.vtu"
1948 -9.75712e-11 -2.11455e-12 18138.5 836962 1.90666e-06 "visualization/solution-1948.vtu"
1981 -9.24222e-11 -1.96506e-12 18474 868886 1.83004e-06 "visualization/solution-1981.vtu"
2014 -8.7654e-11 -1.83475e-12 18862.7 901154 1.75955e-06 "visualization/solution-2014.vtu"
2047 -8.32258e-11 -1.72091e-12 19309 933811 1.69456e-06 "visualization/solution-2047.vtu"
2080 -7.91025e-11 -1.62131e-12 19818 966906 1.63452e-06 "visualization/solution-2080.vtu"
2113 -7.52535e-11 -1.53409e-12 20395.7 1.00049e+06 1.57897e-06 "visualization/solution-2113.vtu"
2146 -7.1652e-11 -1.4577e-12 21048.6 1.03462e+06 1.52749e-06 "visualization/solution-2146.vtu"
2179 -6.82743e-11 -1.39084e-12 21784.4 1.06936e+06 1.47973e-06 "visualization/solution-2179.vtu"
2212 -6.50996e-11 -1.33241e-12 22611.8 1.10478e+06 1.43536e-06 "visualization/solution-2212.vtu"
2245 -6.21095e-11 -1.2815e-12 23540.8 1.14094e+06 1.39411e-06 "visualization/solution-2245.vtu"
2278 -5.92874e-11 -1.23732e-12 24583 1.17792e+06 1.35573e-06 "visualization/solution-2278.vtu"
2311 -5.66187e-11 -1.19922e-12 25751.6 1.21581e+06 1.32e-06 "visualization/solution-2311.vtu"
2344 -5.40902e-11 -1.16664e-12 27062.1 1.25471e+06 1.28674e-06 "visualization/solution-2344.vtu"
2377 -5.169e-11 -1.13912e-12 28532.3 1.29471e+06 1.25577e-06 "visualization/solution-2377.vtu"
2410 -4.94073e-11 -1.11626e-12 30183.2 1.33595e+06 1.22694e-06 "visualization/solution-2410.vtu"
2443 -4.72325e-11 -1.09774e-12 32039.2 1.37855e+06 1.20011e-06 "visualization/solution-2443.vtu"
2476 -4.51565e-11 -1.08329e-12 34129.1 1.42265e+06 1.17517e-06 "visualization/solution-2476.vtu"
2509 -4.31713e-11 -1.07269e-12 36486.8 1.46844e+06 1.15201e-06 "visualization/solution-2509.vtu"
2542 -4.12695e-11 -1.06577e-12 39152.7 1.51609e+06 1.13053e-06 "visualization/solution-2542.vtu"
2575 -3.94442e-11 -1.06241e-12 42175 1.56583e+06 1.11066e-06 "visualization/solution-2575.vtu"
2608 -3.7689e-11 -1.06252e-12 45611.7 1.61791e+06 1.09231e-06 "visualization/solution-2608.vtu"
2641 -3.5998e-11 -1.06605e-12 49532.8 1.6726e+06 1.07544e-06 "visualization/solution-2641.vtu"
2674 -3.43656e-11 -1.07299e-12 54023.5 1.73026e+06 1.05998e-06 "visualization/solution-2674.vtu"
2707 -3.27868e-11 -1.08337e-12 59188.4 1.79126e+06 1.0459e-06 "visualization/solution-2707.vtu"
2740 -3.12565e-11 -1.09725e-12 65156.8 1.85607e+06 1.03314e-06 "visualization/solution-2740.vtu"
2773 -2.97702e-11 -1.11474e-12 72089.8 1.92522e+06 1.0217e-06 "visualization/solution-2773.vtu"
2806 -2.83232e-11 -1.13599e-12 80190.6 1.99936e+06 1.01153e-06 "visualization/solution-2806.vtu"
2839 -2.69113e-11 -1.16118e-12 89717.5 2.07927e+06 1.00264e-06 "visualization/solution-2839.vtu"
2872 -2.55303e-11 -1.19057e-12 101003 2.16589e+06 9.95016e-07 "visualization/solution-2872.vtu"
2905 -2.4176e-11 -1.22444e-12 114480 2.26036e+06 9.8866e-07 "visualization/solution-2905.vtu"
2938 -2.28443e-11 -1.26316e-12 130721 2.3641e+06 9.83584e-07 "visualization/solution-2938.vtu"
2971 -2.1531e-11 -1.30717e-12 150496 2.47888e+06 9.7981e-07 "visualization/solution-2971.vtu"
3004 -2.0232e-11 -1.35699e-12 174852 2.60695e+06 9.77368e-07 "visualization/solution-3004.vtu"
3037 -1.89429e-11 -1.41325e-12 205253 2.75117e+06 9.76299e-07 "visualization/solution-3037.vtu"
3070 -1.76593e-11 -1.47669e-12 243778 2.91528e+06 9.76658e-07 "visualization/solution-3070.vtu"
3103 -1.63765e-11 -1.54819e-12 293465 3.10422e+06 9.78513e-07 "visualization/solution-3103.vtu"
3136 -1.50895e-11 -1.62884e-12 358874 3.32459e+06 9.81945e-07 "visualization/solution-3136.vtu"
3169 -1.37928e-11 -1.71989e-12 447091 3.58547e+06 9.87057e-07 "visualization/solution-3169.vtu"
3202 -1.24805e-11 -1.82291e-12 569550 3.89941e+06 9.93972e-07 "visualization/solution-3202.vtu"
3235 -1.11461e-11 -1.93976e-12 745568 4.28413e+06 1.00284e-06 "visualization/solution-3235.vtu"
3268 -9.78238e-12 -2.07274e-12 1.00953e+06 4.76454e+06 1.01383e-06 "visualization/solution-3267.vtu"
3301 -8.38091e-12 -2.22466e-12 1.42654e+06 5.37419e+06 1.02717e-06 "visualization/solution-3300.vtu"
3334 -6.93223e-12 -2.39901e-12 2.12821e+06 6.14973e+06 1.04311e-06 "visualization/solution-3333.vtu"
3367 -5.42532e-12 -2.60016e-12 3.3957e+06 7.08524e+06 1.06197e-06 "visualization/solution-3366.vtu"
3400 -3.84723e-12 -2.83363e-12 5.80987e+06 7.88808e+06 1.08412e-06 "visualization/solution-3399.vtu"
3433 -2.18258e-12 -3.10646e-12 9.99159e+06 7.02005e+06 1.11004e-06 "visualization/solution-3432.vtu"
3466 -4.12924e-13 -3.42776e-12 1.32046e+07 1.59068e+06 1.14031e-06 "visualization/solution-3465.vtu"
3499 1.4842e-12 -3.80947e-12 1.03666e+07 -4.03892e+06 1.17564e-06 "visualization/solution-3498.vtu"
3532 3.53641e-12 -4.26746e-12 6.26014e+06 -5.18774e+06 1.21696e-06 "visualization/solution-3531.vtu"
3565 5.77814e-12 -4.8232e-12 3.80098e+06 -4.55352e+06 1.26541e-06 "visualization/solution-3564.vtu"
3598 8.25281e-12 -5.5063e-12 2.47457e+06 -3.70887e+06 1.32251e-06 "visualization/solution-3597.vtu"
3631 1.1016e-11 -6.35842e-12 1.72272e+06 -2.98462e+06 1.39021e-06 "visualization/solution-3630.vtu"
3664 1.41397e-11 -7.43964e-12 1.26591e+06 -2.40597e+06 1.47115e-06 "visualization/solution-3663.vtu"
3697 1.77183e-11 -8.83898e-12 970543 -1.94551e+06 1.56892e-06 "visualization/solution-3696.vtu"
3730 2.18769e-11 -1.06925e-11 769464 -1.57432e+06 1.68851e-06 "visualization/solution-3729.vtu"
3763 2.6782e-11 -1.32158e-11 626681 -1.26998e+06 1.83707e-06 "visualization/solution-3762.vtu"
3796 3.26525e-11 -1.67644e-11 521722 -1.01617e+06 2.02507e-06 "visualization/solution-3795.vtu"
3829 3.97617e-11 -2.1952e-11 442317 -801170 2.26833e-06 "visualization/solution-3828.vtu"
3862 4.83892e-11 -2.98901e-11 380776 -616440 2.59129e-06 "visualization/solution-3861.vtu"
3895 5.85646e-11 -4.26792e-11 332093 -455700 3.03185e-06 "visualization/solution-3894.vtu"
3928 6.89966e-11 -6.43092e-11 292898 -314247 3.6446e-06 "visualization/solution-3927.vtu"
3961 7.31239e-11 -1.0119e-10 260858 -188506 4.47781e-06 "visualization/solution-3960.vtu"
3994 4.97583e-11 -1.53985e-10 234315 -75716 5.41117e-06 "visualization/solution-3993.vtu"
4027 -2.27478e-11 -1.83545e-10 212069 26283 5.78835e-06 "visualization/solution-4026.vtu"
4060 -9.06528e-11 -1.46948e-10 193229 119203 5.07546e-06 "visualization/solution-4059.vtu"
4093 -1.08648e-10 -9.41421e-11 177126 204418 3.98178e-06 "visualization/solution-4092.vtu"
4126 -1.02264e-10 -5.8982e-11 163248 283042 3.08973e-06 "visualization/solution-4126.vtu"
4159 -9.10688e-11 -3.868e-11 151199 355986 2.4534e-06 "visualization/solution-4159.vtu"
4192 -8.0664e-11 -2.67612e-11 140668 424004 2.00139e-06 "visualization/solution-4192.vtu"
4225 -7.20085e-11 -1.94012e-11 131408 487725 1.67164e-06 "visualization/solution-4225.vtu"
4258 -6.496e-11 -1.46151e-11 123220 547675 1.42355e-06 "visualization/solution-4258.vtu"
4291 -5.91981e-11 -1.13579e-11 115943 604302 1.23159e-06 "visualization/solution-4291.vtu"
4324 -5.44335e-11 -9.05436e-12 109448 657984 1.07943e-06 "visualization/solution-4324.vtu"
4357 -5.04404e-11 -7.3717e-12 103625 709048 9.56323e-07 "visualization/solution-4357.vtu"
4390 -4.70496e-11 -6.1087e-12 98386 757775 8.54987e-07 "visualization/solution-4390.vtu"
4423 -4.41347e-11 -5.13851e-12 93655.4 804407 7.70338e-07 "visualization/solution-4423.vtu"
4456 -4.16009e-11 -4.37835e-12 89370.7 849157 6.98734e-07 "visualization/solution-4456.vtu"
4489 -3.93764e-11 -3.77248e-12 85478.8 892210 6.37505e-07 "visualization/solution-4489.vtu"
4522 -3.74057e-11 -3.28234e-12 81934.5 933729 5.84654e-07 "visualization/solution-4522.vtu"
4555 -3.56458e-11 -2.8806e-12 78699.3 973859 5.38658e-07 "visualization/solution-4555.vtu"
4588 -3.40629e-11 -2.54751e-12 75740.2 1.01273e+06 4.98337e-07 "visualization/solution-4588.vtu"
4621 -3.26299e-11 -2.26847e-12 73028.7 1.05045e+06 4.62766e-07 "visualization/solution-4621.vtu"
4654 -3.13249e-11 -2.03258e-12 70540.1 1.08712e+06 4.31206e-07 "visualization/solution-4654.vtu"
4687 -3.01303e-11 -1.8315e-12 68253.1 1.12284e+06 4.0537e-07 "visualization/solution-4687.vtu"
4720 -2.90315e-11 -1.65882e-12 66149.2 1.15769e+06 3.87944e-07 "visualization/solution-4720.vtu"
4753 -2.80162e-11 -1.50953e-12 64212.1 1.19175e+06 3.71988e-07 "visualization/solution-4753.vtu"
4786 -2.70745e-11 -1.37968e-12 62427.6 1.22507e+06 3.57315e-07 "visualization/solution-4786.vtu"
4819 -2.61978e-11 -1.26609e-12 60783.2 1.25772e+06 3.4377e-07 "visualization/solution-4819.vtu"
4852 -2.53789e-11 -1.16623e-12 59268.2 1.28977e+06 3.3122e-07 "visualization/solution-4852.vtu"
4885 -2.46115e-11 -1.07803e-12 57872.8 1.32125e+06 3.19712e-07 "visualization/solution-4885.vtu"
4918 -2.38905e-11 -9.9979e-13 56588.8 1.35222e+06 3.09012e-07 "visualization/solution-4918.vtu"
4951 -2.32111e-11 -9.30122e-13 55408.8 1.38272e+06 2.9904e-07 "visualization/solution-4951.vtu"
4984 -2.25694e-11 -8.67864e-13 54326.4 1.4128e+06 2.89826e-07 "visualization/solution-4984.vtu"
5017 -2.1962e-11 -8.12046e-13 53335.9 1.44248e+06 2.81162e-07 "visualization/solution-5017.vtu"
5050 -2.13857e-11 -7.61853e-13 52432.5 1.47182e+06 2.72998e-07 "visualization/solution-5050.vtu"
5083 -2.0838e-11 -7.16596e-13 51612 1.50083e+06 2.65285e-07 "visualization/solution-5083.vtu"
5116 -2.03163e-11 -6.75693e-13 50871 1.52956e+06 2.58027e-07 "visualization/solution-5116.vtu"
5149 -1.98186e-11 -6.38643e-13 50206.5 1.55802e+06 2.51182e-07 "visualization/solution-5149.vtu"
5182 -1.9343e-11 -6.0502e-13 49616 1.58626e+06 2.44752e-07 "visualization/solution-5182.vtu"
5215 -1.88877e-11 -5.74457e-13 49097.8 1.6143e+06 2.38634e-07 "visualization/solution-5215.vtu"
5248 -1.84514e-11 -5.46638e-13 48650.5 1.64216e+06 2.32798e-07 "visualization/solution-5248.vtu"
5281 -1.80325e-11 -5.21289e-13 48273.3 1.66988e+06 2.27222e-07 "visualization/solution-5281.vtu"
5314 -1.76299e-11 -4.98174e-13 47966 1.69747e+06 2.21986e-07 "visualization/solution-5314.vtu"
5347 -1.72424e-11 -4.77087e-13 47728.8 1.72496e+06 2.17004e-07 "visualization/solution-5347.vtu"
5380 -1.6869e-11 -4.5785e-13 47562.5 1.75239e+06 2.12222e-07 "visualization/solution-5380.vtu"
5413 -1.65087e-11 -4.40308e-13 47468.5 1.77976e+06 2.07703e-07 "visualization/solution-5413.vtu"
5446 -1.61607e-11 -4.24327e-13 47448.9 1.80711e+06 2.03404e-07 "visualization/solution-5446.vtu"
5479 -1.58241e-11 -4.09792e-13 47506.5 1.83446e+06 1.99259e-07 "visualization/solution-5479.vtu"
5512 -1.54983e-11 -3.96602e-13 47644.8 1.86184e+06 1.95258e-07 "visualization/solution-5512.vtu"
5545 -1.51825e-11 -3.84675e-13 47868.3 1.88928e+06 1.91389e-07 "visualization/solution-5545.vtu"
5578 -1.48761e-11 -3.73938e-13 48182.5 1.91681e+06 1.87643e-07 "visualization/solution-5578.vtu"
5611 -1.45785e-11 -3.64334e-13 48594.1 1.94445e+06 1.84107e-07 "visualization/solution-5611.vtu"
5644 -1.42891e-11 -3.55818e-13 49111.1 1.97223e+06 1.80744e-07 "visualization/solution-5644.vtu"
5677 -1.40075e-11 -3.48354e-13 49743.3 2.0002e+06 1.77475e-07 "visualization/solution-5677.vtu"
5710 -1.3733e-11 -3.41922e-13 50502.4 2.02838e+06 1.74292e-07 "visualization/solution-5710.vtu"
5743 -1.34652e-11 -3.36511e-13 51402.3 2.05682e+06 1.71207e-07 "visualization/solution-5743.vtu"
5776 -1.32037e-11 -3.32125e-13 52460.2 2.08556e+06 1.68337e-07 "visualization/solution-5776.vtu"
5809 -1.29479e-11 -3.2878e-13 53696.5 2.11466e+06 1.65532e-07 "visualization/solution-5809.vtu"
5842 -1.26974e-11 -3.26509e-13 55136 2.14415e+06 1.62783e-07 "visualization/solution-5842.vtu"
5875 -1.24518e-11 -3.25363e-13 56809.1 2.17412e+06 1.60085e-07 "visualization/solution-5875.vtu"
5908 -1.22107e-11 -3.25415e-13 58753 2.20461e+06 1.57435e-07 "visualization/solution-5908.vtu"
5941 -1.19734e-11 -3.2676e-13 61013.7 2.23572e+06 1.54962e-07 "visualization/solution-5941.vtu"
5974 -1.17397e-11 -3.29527e-13 63648.4 2.26754e+06 1.5252e-07 "visualization/solution-5974.vtu"
6007 -1.1509e-11 -3.33882e-13 66728.9 2.30016e+06 1.50676e-07 "visualization/solution-6007.vtu"
6040 -1.12808e-11 -3.40041e-13 70346.2 2.33372e+06 1.51606e-07 "visualization/solution-6040.vtu"
6073 -1.10545e-11 -3.4828e-13 74616.8 2.36836e+06 1.53081e-07 "visualization/solution-6073.vtu"
6106 -1.08295e-11 -3.58957e-13 79691.4 2.40424e+06 1.54902e-07 "visualization/solution-6106.vtu"
6139 -1.06052e-11 -3.72539e-13 85767.5 2.44157e+06 1.57117e-07 "visualization/solution-6139.vtu"
6172 -1.03807e-11 -3.89636e-13 93107.7 2.48059e+06 1.59787e-07 "visualization/solution-6172.vtu"
6205 -1.01553e-11 -4.11056e-13 102066 2.52158e+06 1.62985e-07 "visualization/solution-6205.vtu"
6238 -9.92802e-12 -4.3788e-13 113126 2.56489e+06 1.66802e-07 "visualization/solution-6238.vtu"
6271 -9.69766e-12 -4.71574e-13 126962 2.6109e+06 1.71403e-07 "visualization/solution-6271.vtu"
6304 -9.463e-12 -5.14156e-13 144531 2.66008e+06 1.76968e-07 "visualization/solution-6304.vtu"
6337 -9.22264e-12 -5.68449e-13 167213 2.7129e+06 1.8363e-07 "visualization/solution-6337.vtu"
6370 -8.97508e-12 -6.38471e-13 197039 2.76981e+06 1.91635e-07 "visualization/solution-6370.vtu"
6403 -8.71896e-12 -7.30034e-13 237037 2.83099e+06 2.013e-07 "visualization/solution-6403.vtu"
6436 -8.45351e-12 -8.51682e-13 291757 2.89588e+06 2.13031e-07 "visualization/solution-6436.vtu"
6469 -8.17975e-12 -1.01608e-12 367945 2.96205e+06 2.27444e-07 "visualization/solution-6469.vtu"
6502 -7.90319e-12 -1.24195e-12 474983 3.02257e+06 2.45117e-07 "visualization/solution-6502.vtu"
6535 -7.63996e-12 -1.55586e-12 623326 3.06081e+06 2.66579e-07 "visualization/solution-6535.vtu"
6568 -7.42943e-12 -1.99075e-12 815418 3.04311e+06 2.92276e-07 "visualization/solution-6568.vtu"
6601 -7.35578e-12 -2.56989e-12 1.02059e+06 2.92123e+06 3.21103e-07 "visualization/solution-6601.vtu"
6634 -7.56225e-12 -3.2506e-12 1.151e+06 2.67769e+06 3.47985e-07 "visualization/solution-6634.vtu"
6667 -8.17913e-12 -3.82551e-12 1.12007e+06 2.39478e+06 3.62529e-07 "visualization/solution-6667.vtu"
6700 -9.09348e-12 -3.95646e-12 955652 2.19646e+06 3.72211e-07 "visualization/solution-6700.vtu"
6733 -9.89192e-12 -3.53822e-12 757790 2.11858e+06 3.69364e-07 "visualization/solution-6733.vtu"
6766 -1.02873e-11 -2.85267e-12 588795 2.12331e+06 3.45946e-07 "visualization/solution-6766.vtu"
6799 -1.03273e-11 -2.19947e-12 461805 2.16833e+06 3.16183e-07 "visualization/solution-6799.vtu"
6832 -1.0172e-11 -1.68957e-12 370184 2.22868e+06 2.8736e-07 "visualization/solution-6832.vtu"
6865 -9.93692e-12 -1.31903e-12 304331 2.29267e+06 2.62295e-07 "visualization/solution-6865.vtu"
6898 -9.6804e-12 -1.05407e-12 256484 2.35551e+06 2.41798e-07 "visualization/solution-6898.vtu"
6931 -9.42739e-12 -8.63218e-13 221175 2.4155e+06 2.24725e-07 "visualization/solution-6931.vtu"
6964 -9.18702e-12 -7.23515e-13 194704 2.4723e+06 2.10729e-07 "visualization/solution-6964.vtu"
6997 -8.96166e-12 -6.19326e-13 174575 2.5261e+06 1.99456e-07 "visualization/solution-6997.vtu"
7030 -8.75094e-12 -5.40181e-13 159090 2.57726e+06 1.89745e-07 "visualization/solution-7030.vtu"
7063 -8.55352e-12 -4.79032e-13 147077 2.62619e+06 1.81897e-07 "visualization/solution-7063.vtu"
7096 -8.36783e-12 -4.31067e-13 137713 2.67327e+06 1.75117e-07 "visualization/solution-7096.vtu"
7129 -8.19236e-12 -3.92946e-13 130409 2.71884e+06 1.69385e-07 "visualization/solution-7129.vtu"
7162 -8.02578e-12 -3.62307e-13 124740 2.76321e+06 1.64327e-07 "visualization/solution-7162.vtu"
7195 -7.86692e-12 -3.37453e-13 120391 2.80664e+06 1.60203e-07 "visualization/solution-7195.vtu"
7228 -7.71479e-12 -3.17143e-13 117132 2.84934e+06 1.56477e-07 "visualization/solution-7228.vtu"
7261 -7.56857e-12 -3.00456e-13 114787 2.89152e+06 1.53093e-07 "visualization/solution-7261.vtu"
7294 -7.42754e-12 -2.86697e-13 113225 2.93334e+06 1.50307e-07 "visualization/solution-7294.vtu"
7327 -7.29109e-12 -2.75338e-13 112346 2.97497e+06 1.47922e-07 "visualization/solution-7327.vtu"
7360 -7.15872e-12 -2.65973e-13 112075 3.01653e+06 1.45734e-07 "visualization/solution-7360.vtu"
7393 -7.02996e-12 -2.58284e-13 112358 3.05816e+06 1.4372e-07 "visualization/solution-7393.vtu"
7426 -6.90444e-12 -2.52023e-13 113154 3.09998e+06 1.41967e-07 "visualization/solution-7426.vtu"
7459 -6.78182e-12 -2.46992e-13 114434 3.14208e+06 1.40522e-07 "visualization/solution-7459.vtu"
7492 -6.6618e-12 -2.43036e-13 116180 3.18459e+06 1.39192e-07 "visualization/solution-7492.vtu"
7525 -6.5441e-12 -2.4003e-13 118384 3.2276e+06 1.3797e-07 "visualization/solution-7525.vtu"
7558 -6.42851e-12 -2.37874e-13 121045 3.27121e+06 1.36957e-07 "visualization/solution-7558.vtu"
7591 -6.31478e-12 -2.3649e-13 124168 3.31554e+06 1.36047e-07 "visualization/solution-7591.vtu"
7624 -6.20274e-12 -2.35814e-13 127765 3.36067e+06 1.3522e-07 "visualization/solution-7624.vtu"
7657 -6.09219e-12 -2.35798e-13 131857 3.40673e+06 1.34473e-07 "visualization/solution-7657.vtu"
7690 -5.98297e-12 -2.36402e-13 136469 3.45382e+06 1.33928e-07 "visualization/solution-7690.vtu"
7723 -5.87492e-12 -2.376e-13 141634 3.50205e+06 1.33523e-07 "visualization/solution-7723.vtu"
7756 -5.76789e-12 -2.39371e-13 147391 3.55155e+06 1.33185e-07 "visualization/solution-7756.vtu"
7789 -5.66172e-12 -2.41702e-13 153791 3.60246e+06 1.32913e-07 "visualization/solution-7789.vtu"
7822 -5.55629e-12 -2.44588e-13 160889 3.65491e+06 1.32708e-07 "visualization/solution-7822.vtu"
7855 -5.45145e-12 -2.48028e-13 168754 3.70906e+06 1.32568e-07 "visualization/solution-7855.vtu"
7888 -5.34707e-12 -2.5203e-13 177464 3.76507e+06 1.32494e-07 "visualization/solution-7888.vtu"
7921 -5.24302e-12 -2.56605e-13 187113 3.82314e+06 1.32487e-07 "visualization/solution-7921.vtu"
7954 -5.13915e-12 -2.6177e-13 197809 3.88345e+06 1.32597e-07 "visualization/solution-7954.vtu"
7987 -5.03535e-12 -2.67547e-13 209678 3.94623e+06 1.32932e-07 "visualization/solution-7987.vtu"
8020 -4.93146e-12 -2.73966e-13 222871 4.01174e+06 1.33337e-07 "visualization/solution-8020.vtu"
8053 -4.82734e-12 -2.81062e-13 237563 4.08023e+06 1.33815e-07 "visualization/solution-8053.vtu"
8086 -4.72286e-12 -2.88875e-13 253959 4.15202e+06 1.34368e-07 "visualization/solution-8086.vtu"
8119 -4.61785e-12 -2.97454e-13 272307 4.22746e+06 1.35001e-07 "visualization/solution-8119.vtu"
8152 -4.51216e-12 -3.06856e-13 292899 4.30692e+06 1.35717e-07 "visualization/solution-8152.vtu"
8185 -4.40562e-12 -3.17146e-13 316083 4.39086e+06 1.3652e-07 "visualization/solution-8185.vtu"
8218 -4.29805e-12 -3.28398e-13 342282 4.47975e+06 1.37415e-07 "visualization/solution-8218.vtu"
8251 -4.18926e-12 -3.407e-13 372004 4.57418e+06 1.38407e-07 "visualization/solution-8251.vtu"
8284 -4.07905e-12 -3.5415e-13 405870 4.67476e+06 1.39502e-07 "visualization/solution-8284.vtu"
8317 -3.96719e-12 -3.68861e-13 444643 4.78225e+06 1.40707e-07 "visualization/solution-8317.vtu"
8350 -3.85345e-12 -3.84965e-13 489263 4.89746e+06 1.42126e-07 "visualization/solution-8350.vtu"
8383 -3.73757e-12 -4.02612e-13 540902 5.02136e+06 1.43727e-07 "visualization/solution-8383.vtu"
8416 -3.61927e-12 -4.21977e-13 601033 5.15502e+06 1.45469e-07 "visualization/solution-8416.vtu"
8449 -3.49823e-12 -4.4326e-13 671521 5.29967e+06 1.47363e-07 "visualization/solution-8449.vtu"
8482 -3.37412e-12 -4.66696e-13 754753 5.45671e+06 1.49421e-07 "visualization/solution-8482.vtu"
8515 -3.24656e-12 -4.92558e-13 853810 5.62767e+06 1.51658e-07 "visualization/solution-8515.vtu"
8548 -3.11514e-12 -5.21163e-13 972715 5.81419e+06 1.54091e-07 "visualization/solution-8548.vtu"
8581 -2.97939e-12 -5.52888e-13 1.11676e+06 6.01798e+06 1.56737e-07 "visualization/solution-8581.vtu"
8614 -2.8388e-12 -5.88174e-13 1.293e+06 6.24061e+06 1.59619e-07 "visualization/solution-8614.vtu"
8647 -2.69278e-12 -6.27547e-13 1.51088e+06 6.48314e+06 1.6276e-07 "visualization/solution-8647.vtu"
8680 -2.54069e-12 -6.71631e-13 1.78317e+06 6.74548e+06 1.66278e-07 "visualization/solution-8680.vtu"
8713 -2.38181e-12 -7.21177e-13 2.12709e+06 7.02507e+06 1.70126e-07 "visualization/solution-8713.vtu"
8746 -2.21531e-12 -7.77092e-13 2.56576e+06 7.31439e+06 1.74336e-07 "visualization/solution-8746.vtu"
8779 -2.04027e-12 -8.40473e-13 3.12933e+06 7.59652e+06 1.78954e-07 "visualization/solution-8779.vtu"
8812 -1.85565e-12 -9.12666e-13 3.85461e+06 7.83725e+06 1.84031e-07 "visualization/solution-8812.vtu"
8845 -1.66028e-12 -9.95327e-13 4.77947e+06 7.97253e+06 1.89628e-07 "visualization/solution-8845.vtu"
8878 -1.45285e-12 -1.09051e-12 5.92409e+06 7.89249e+06 1.95815e-07 "visualization/solution-8878.vtu"
8911 -1.2319e-12 -1.20078e-12 7.24678e+06 7.43459e+06 2.02678e-07 "visualization/solution-8911.vtu"
8944 -9.95824e-13 -1.32939e-12 8.57428e+06 6.42286e+06 2.10316e-07 "visualization/solution-8944.vtu"
8977 -7.42884e-13 -1.48046e-12 9.56664e+06 4.80048e+06 2.1885e-07 "visualization/solution-8977.vtu"
9010 -4.7128e-13 -1.65928e-12 9.85105e+06 2.79797e+06 2.28435e-07 "visualization/solution-9010.vtu"
9043 -1.7926e-13 -1.87271e-12 9.31271e+06 891432 2.39485e-07 "visualization/solution-9043.vtu"
9076 1.3464e-13 -2.12971e-12 8.20112e+06 -518476 2.5199e-07 "visualization/solution-9076.vtu"
9109 4.71154e-13 -2.44204e-12 6.89801e+06 -1.33086e+06 2.6621e-07 "visualization/solution-9109.vtu"
9142 8.29468e-13 -2.82526e-12 5.67299e+06 -1.66553e+06 2.8245e-07 "visualization/solution-9142.vtu"
9175 1.20575e-12 -3.29993e-12 4.63751e+06 -1.69448e+06 3.01073e-07 "visualization/solution-9175.vtu"
9208 1.5905e-12 -3.89301e-12 3.80478e+06 -1.55446e+06 3.22487e-07 "visualization/solution-9208.vtu"
9241 1.96397e-12 -4.63906e-12 3.14828e+06 -1.33284e+06 3.5474e-07 "visualization/solution-9241.vtu"
9274 2.28822e-12 -5.58002e-12 2.63278e+06 -1.07963e+06 3.93325e-07 "visualization/solution-9274.vtu"
9307 2.4948e-12 -6.76053e-12 2.2263e+06 -821559 4.37602e-07 "visualization/solution-9307.vtu"
9340 2.46809e-12 -8.21199e-12 1.90313e+06 -571978 4.87406e-07 "visualization/solution-9340.vtu"
9373 2.03246e-12 -9.91435e-12 1.64361e+06 -336942 5.4113e-07 "visualization/solution-9373.vtu"
9406 9.70744e-13 -1.17274e-11 1.433e+06 -118618 5.94569e-07 "visualization/solution-9406.vtu"
9439 -8.75511e-13 -1.33215e-11 1.26029e+06 82828.4 6.40087e-07 "visualization/solution-9439.vtu"
9472 -3.41368e-12 -1.42202e-11 1.11722e+06 268200 6.67901e-07 "visualization/solution-9472.vtu"
9505 -6.18532e-12 -1.40645e-11 997595 438724 6.70743e-07 "visualization/solution-9505.vtu"
9538 -8.57764e-12 -1.29101e-11 896676 595766 6.48832e-07 "visualization/solution-9538.vtu"
9571 -1.02122e-11 -1.11797e-11 810844 740674 6.09535e-07 "visualization/solution-9571.vtu"
9604 -1.10761e-11 -9.33591e-12 737288 874718 5.62242e-07 "visualization/solution-9604.vtu"
9637 -1.13622e-11 -7.66322e-12 673814 999054 5.14113e-07 "visualization/solution-9637.vtu"
9670 -1.12877e-11 -6.26485e-12 618684 1.11472e+06 4.691e-07 "visualization/solution-9670.vtu"
9703 -1.1017e-11 -5.14085e-12 570518 1.22263e+06 4.28781e-07 "visualization/solution-9703.vtu"
9736 -1.06537e-11 -4.2515e-12 528205 1.32361e+06 3.93414e-07 "visualization/solution-9736.vtu"
9769 -1.02578e-11 -3.54983e-12 490845 1.41838e+06 3.62658e-07 "visualization/solution-9769.vtu"
9802 -9.86142e-12 -2.994e-12 457705 1.50755e+06 3.35962e-07 "visualization/solution-9802.vtu"
9835 -9.48072e-12 -2.55038e-12 428179 1.5917e+06 3.12749e-07 "visualization/solution-9835.vtu"
9868 -9.12292e-12 -2.19307e-12 401769 1.67132e+06 2.92487e-07 "visualization/solution-9868.vtu"
9901 -8.79044e-12 -1.90248e-12 378060 1.74683e+06 2.74719e-07 "visualization/solution-9901.vtu"
9934 -8.48319e-12 -1.66388e-12 356701 1.81862e+06 2.59058e-07 "visualization/solution-9934.vtu"
9967 -8.19987e-12 -1.46612e-12 337400 1.88704e+06 2.45184e-07 "visualization/solution-9967.vtu"
